500
72 970 3
272 527 2
1 450 1
964 556 3
69 690 3
52 515 1
653 41 1
655 126 3
343 750 3
176 199 3
787 228 3
985 162 2
107 872 3
123 953 1
838 340 2
722 898 2
568 548 1
909 78 1
307 945 2
814 999 2
375 580 1
743 208 1
133 619 3
25 29 2
596 26 2
292 900 3
770 591 1
539 31 2
690 144 3
883 385 2
682 127 2
105 439 2
465 414 3
508 941 1
489 973 1
853 37 1
458 251 1
956 873 1
466 731 3
332 187 3
737 490 2
925 543 3
627 477 1
906 43 3
574 235 2
460 442 1
107 495 2
69 970 3
965 185 3
550 765 2
64 454 2
790 886 2
458 996 1
239 451 2
808 874 1
472 746 2
281 815 1
95 166 2
398 231 3
637 892 1
199 543 2
366 192 1
405 540 1
901 476 1
113 938 3
684 700 3
65 752 1
359 688 3
835 161 3
655 354 1
554 833 2
965 997 2
25 830 2
172 748 3
581 835 2
995 134 1
757 207 3
804 611 3
40 833 2
193 20 2
678 592 1
99 271 2
919 58 3
696 382 2
234 524 2
149 339 1
208 62 2
322 248 2
925 884 2
257 83 1
1 277 2
329 61 2
68 488 1
54 456 1
527 802 3
220 623 1
22 275 3
899 257 3
321 757 2
709 583 2
367 671 1
925 384 3
264 54 3
425 698 3
971 229 1
554 652 2
690 934 1
453 577 3
453 140 3
842 144 3
303 102 1
314 133 2
980 706 3
482 564 2
108 806 2
460 452 2
884 370 3
824 564 1
73 719 2
898 315 1
58 394 3
745 504 3
759 940 3
19 74 3
610 787 1
715 625 3
607 989 2
238 106 1
730 565 3
908 100 2
133 112 3
535 577 1
250 942 1
695 923 1
725 758 1
487 711 2
869 555 2
364 124 3
273 565 2
890 300 2
491 296 2
418 258 3
347 703 2
561 676 3
672 870 3
282 648 3
145 902 1
419 842 2
620 644 3
773 351 1
921 37 1
429 11 3
741 915 1
178 314 2
131 589 3
518 246 1
173 154 3
270 684 2
985 832 2
35 433 3
302 352 3
122 745 3
657 100 3
873 307 1
713 38 2
52 460 3
848 965 3
834 738 2
546 78 3
553 65 1
932 675 1
318 9 3
734 842 3
534 701 1
402 696 2
967 298 2
88 831 1
738 554 1
826 705 3
311 80 1
687 366 2
662 456 3
53 865 3
51 679 2
564 422 1
836 430 2
860 747 2
44 676 2
132 209 3
799 144 2
781 717 2
598 394 3
341 589 1
607 741 2
329 159 1
169 191 1
15 930 3
240 17 1
322 352 2
54 765 3
358 477 3
727 404 1
550 364 2
160 192 3
74 850 2
347 752 1
478 797 3
473 927 1
93 746 3
745 348 2
231 731 3
286 472 1
360 461 1
310 165 1
551 707 2
806 944 2
650 298 3
653 797 2
969 95 3
221 241 1
895 477 1
536 50 2
898 690 1
820 57 3
975 635 2
87 669 3
868 885 3
273 428 1
448 497 1
656 145 3
621 252 1
642 56 1
195 838 3
147 106 2
289 892 1
242 118 1
434 299 2
169 221 3
370 378 3
925 774 3
84 175 2
855 125 3
718 655 3
895 110 1
945 759 2
696 297 1
277 725 3
641 711 3
654 329 1
220 394 1
763 469 2
78 602 3
903 392 2
873 980 2
20 449 1
502 774 2
867 252 3
941 138 1
275 26 1
441 997 1
332 522 1
858 930 3
999 654 2
0 158 3
475 651 1
734 164 2
596 674 3
797 837 2
768 76 3
470 450 2
650 467 1
75 332 1
988 87 3
276 10 3
927 304 2
100 864 3
780 996 3
953 201 2
877 735 1
411 167 2
761 710 2
783 231 3
826 863 3
52 200 1
624 291 2
357 39 2
610 351 3
349 179 1
209 613 2
206 792 3
830 491 1
336 660 2
22 696 2
555 985 2
489 203 3
434 899 3
150 813 2
61 602 2
196 280 3
464 182 1
64 971 2
876 312 2
673 747 3
584 374 1
263 854 1
871 163 2
780 663 2
265 385 2
233 817 1
371 757 3
774 210 1
876 782 1
687 41 3
245 348 2
27 426 1
986 258 1
561 419 1
693 866 2
914 408 1
973 184 2
727 294 1
574 304 2
95 342 1
27 961 2
902 614 1
617 458 1
909 200 3
159 388 3
701 627 2
361 479 1
97 438 1
289 765 3
338 683 2
170 210 1
578 561 1
15 953 3
900 256 3
161 773 2
480 874 3
163 108 1
705 771 2
395 377 1
178 281 1
703 305 3
680 329 3
165 818 3
514 463 2
129 778 2
246 929 2
740 632 1
960 289 3
892 984 2
676 278 3
393 379 3
913 800 3
989 222 2
387 780 1
67 25 1
855 603 3
295 16 2
143 804 3
519 880 3
589 31 2
725 981 2
639 817 3
288 80 3
280 904 2
840 407 2
420 481 1
323 59 1
512 235 1
973 247 2
628 314 2
629 5 2
74 733 2
465 768 3
519 986 3
761 744 2
715 435 1
134 546 2
245 876 3
516 36 2
556 319 3
531 57 1
843 954 1
668 753 1
411 240 2
105 550 3
925 603 3
86 895 1
707 27 3
866 453 1
20 459 3
81 926 1
240 100 2
628 6 3
47 882 3
326 388 2
479 429 3
438 351 2
875 121 1
188 275 1
639 199 3
278 798 2
463 808 1
830 115 2
234 8 2
642 481 1
515 833 2
902 259 3
341 961 3
65 129 1
152 225 2
191 311 2
291 480 3
220 159 1
545 119 1
59 193 1
993 193 1
661 830 1
993 397 3
11 809 2
623 741 1
806 653 3
408 115 3
246 766 1
902 840 1
264 795 1
672 295 2
534 133 3
656 447 3
91 683 2
850 174 1
247 701 1
910 376 1
71 537 1
705 520 1
913 713 2
206 206 2
618 39 2
509 93 2
117 531 2
385 815 2
387 872 2
594 846 2
96 220 3
537 408 2
198 330 1
633 974 1
884 497 3
346 348 3
353 731 3
103 384 1
333 37 2
547 673 1
954 851 3
914 700 2
870 581 1
708 603 2
304 88 2
658 380 3
319 843 1
72 921 2
991 584 3
458 45 3
644 654 3
651 533 1
749 24 1
879 627 1
950 335 2
323 79 1
686 317 3
874 399 1
591 756 2
120 928 2
975 906 3
230 515 3
715 58 1
446 397 3
606 889 1
486 127 3
116 497 3
441 550 2
280 701 3
793 693 2
704 382 2
199 404 3
54 561 3
676 549 1
466 585 1
72 899 3
824 403 3
178 365 1
245 579 1
769 475 2
233 514 1
347 546 3
181 478 1
473 593 1
114 597 3
