Enter File Name:
tsp100.txt
step=0
best path:
    0   43   21   15   50   18    9   98   52   79   22   31   60    1   76   24   86   29   59   92   89   26   71   13    5   41   44   40    2   54   37    7   34   81   85   12   70   69   42   10   35   64   99   32   93   19   25   17   61   95   57   65   48   75   77   47   62   16   49   91   51   46   27   73   36   94   97   20   45   56    8   39   96   28   53   66   78   88   74   55   67   84   30   80   58   82   72   33    4   87   63   38   83    3    6   11   14   23   68   90    0
best path cost：60013.577641
step=2000
best path:
    0   45   58   55   65   70   46   39   74   17   14   26   71   47   81   53   22   60   59   28   62   89   77   80   63   99   72   15   76   61   37   57   16   40   73   43   24   33   92   88   64   20   29   49   13   35   75   42   82   27    7   96   48   19   54   41   94   18   50   32   67    9    6   95   98   36   93    5   10   34   83   11   69    2   51   30   90   23    8   84    3   44    4   68   56   31   66   85    1   38   25   86   52   78   21   87   79   97   91   12    0
best path cost：6400.953562
step=4000
best path:
    0   96   48   19   54   89   77   80   63   99   41   94   91   45   58   55   47   81   53   22   60   59   28   62   65   70   46   39   35   75   42   82   27   98   36   93    5   56   31   66   85    1   38   25   86   52   74   17   14   26   71   61   37   57   16   40   73   43   24   33   92   88   64   20   10   34   83   11   69    2   51   30   29   49   13   90   23    8   84    3   78   21   87   79   97   18   50   32   67    9    6   95    7   72   15   76   44    4   68   12    0
best path cost：6386.973983
step=6000
best path:
    0   96   48   19   54   89   77   80   63   99   41   94   91   45   58   55   47   81   53   22   60   59   28   62   65   70   46   39   35   75   42   82   27   98   36   93    5   56   31   66   85    1   38   25   86   52   74   17   14   26   71   61   37   57   16   40   73   43   24   33   92   88   64   20   10   34   83   11   69    2   51   30   29   49   13   90   23    8   84    3   78   21   87   79   97   18   50   32   67    9    6   95    7   72   15   76   44    4   68   12    0
best path cost：6386.973983
step=8000
best path:
    0   96   48   19   54   89   77   80   63   99   41   94   91   45   58   55   47   81   53   22   60   59   28   62   65   70   46   39   35   75   42   82   27   98   36   93    5   56   31   66   85    1   38   25   86   52   74   17   14   26   71   61   37   57   16   40   73   43   24   33   92   88   64   20   10   34   83   11   69    2   51   30   29   49   13   90   23    8   84    3   78   21   87   79   97   18   50   32   67    9    6   95    7   72   15   76   44    4   68   12    0
best path cost：6386.973983
step=10000
best path:
    0   96   48   19   54   89   77   80   63   99   41   94   91   45   58   55   47   81   53   22   60   59   28   62   65   70   46   39   35   75   42   82   27   98   36   93    5   56   31   66   85    1   38   25   86   52   74   17   14   26   71   61   37   57   16   40   73   43   24   33   92   88   64   20   10   34   83   11   69    2   51   30   29   49   13   90   23    8   84    3   78   21   87   79   97   18   50   32   67    9    6   95    7   72   15   76   44    4   68   12    0
best path cost：6386.973983
step=12000
best path:
    0   96   48   19   54   89   77   80   63   99   41   94   91   45   58   55   47   81   53   22   60   59   28   62   65   70   46   39   35   75   42   82   27   98   36   93    5   56   31   66   85    1   38   25   86   52   74   17   14   26   71   61   37   57   16   40   73   43   24   33   92   88   64   20   10   34   83   11   69    2   51   30   29   49   13   90   23    8   84    3   78   21   87   79   97   18   50   32   67    9    6   95    7   72   15   76   44    4   68   12    0
best path cost：6386.973983
step=14000
best path:
    0   96   48   19   54   89   77   80   63   99   41   94   91   45   58   55   47   81   53   22   60   59   28   62   65   70   46   39   35   75   42   82   27   98   36   93    5   56   31   66   85    1   38   25   86   52   74   17   14   26   71   61   37   57   16   40   73   43   24   33   92   88   64   20   10   34   83   11   69    2   51   30   29   49   13   90   23    8   84    3   78   21   87   79   97   18   50   32   67    9    6   95    7   72   15   76   44    4   68   12    0
best path cost：6386.973983
step=16000
best path:
    0   96   48   19   54   89   77   80   63   99   41   94   91   45   58   55   47   81   53   22   60   59   28   62   65   70   46   39   35   75   42   82   27   98   36   93    5   56   31   66   85    1   38   25   86   52   74   17   14   26   71   61   37   57   16   40   73   43   24   33   92   88   64   20   10   34   83   11   69    2   51   30   29   49   13   90   23    8   84    3   78   21   87   79   97   18   50   32   67    9    6   95    7   72   15   76   44    4   68   12    0
best path cost：6386.973983
step=18000
best path:
    0   96   48   19   54   89   77   80   63   99   41   94   91   45   58   55   47   81   53   22   60   59   28   62   65   70   46   39   35   75   42   82   27   98   36   93    5   56   31   66   85    1   38   25   86   52   74   17   14   26   71   61   37   57   16   40   73   43   24   33   92   88   64   20   10   34   83   11   69    2   51   30   29   49   13   90   23    8   84    3   78   21   87   79   97   18   50   32   67    9    6   95    7   72   15   76   44    4   68   12    0
best path cost：6386.973983
step=20000
best path:
    0   96   48   19   54   89   77   80   63   99   41   94   91   45   58   55   47   81   53   22   60   59   28   62   65   70   46   39   35   75   42   82   27   98   36   93    5   56   31   66   85    1   38   25   86   52   74   17   14   26   71   61   37   57   16   40   73   43   24   33   92   88   64   20   10   34   83   11   69    2   51   30   29   49   13   90   23    8   84    3   78   21   87   79   97   18   50   32   67    9    6   95    7   72   15   76   44    4   68   12    0
best path cost：6386.973983
step=22000
best path:
    0   96   48   19   54   89   77   80   63   99   41   94   91   45   58   55   47   81   53   22   60   59   28   62   65   70   46   39   35   75   42   82   27   98   36   93    5   56   31   66   85    1   38   25   86   52   74   17   14   26   71   61   37   57   16   40   73   43   24   33   92   88   64   20   10   34   83   11   69    2   51   30   29   49   13   90   23    8   84    3   78   21   87   79   97   18   50   32   67    9    6   95    7   72   15   76   44    4   68   12    0
best path cost：6386.973983
step=24000
best path:
    0   96   48   19   54   89   77   80   63   99   41   94   91   45   58   55   47   81   53   22   60   59   28   62   65   70   46   39   35   75   42   82   27   98   36   93    5   56   31   66   85    1   38   25   86   52   74   17   14   26   71   61   37   57   16   40   73   43   24   33   92   88   64   20   10   34   83   11   69    2   51   30   29   49   13   90   23    8   84    3   78   21   87   79   97   18   50   32   67    9    6   95    7   72   15   76   44    4   68   12    0
best path cost：6386.973983
step=26000
best path:
    0   96   48   19   54   89   77   80   63   99   41   94   91   45   58   55   47   81   53   22   60   59   28   62   65   70   46   39   35   75   42   82   27   98   36   93    5   56   31   66   85    1   38   25   86   52   74   17   14   26   71   61   37   57   16   40   73   43   24   33   92   88   64   20   10   34   83   11   69    2   51   30   29   49   13   90   23    8   84    3   78   21   87   79   97   18   50   32   67    9    6   95    7   72   15   76   44    4   68   12    0
best path cost：6386.973983
step=28000
best path:
    0   96   48   19   54   89   77   80   63   99   41   94   91   45   58   55   47   81   53   22   60   59   28   62   65   70   46   39   35   75   42   82   27   98   36   93    5   56   31   66   85    1   38   25   86   52   74   17   14   26   71   61   37   57   16   40   73   43   24   33   92   88   64   20   10   34   83   11   69    2   51   30   29   49   13   90   23    8   84    3   78   21   87   79   97   18   50   32   67    9    6   95    7   72   15   76   44    4   68   12    0
best path cost：6386.973983
step=30000
best path:
    0   96   48   19   54   89   77   80   63   99   41   94   91   45   58   55   47   81   53   22   60   59   28   62   65   70   46   39   35   75   42   82   27   98   36   93    5   56   31   66   85    1   38   25   86   52   74   17   14   26   71   61   37   57   16   40   73   43   24   33   92   88   64   20   10   34   83   11   69    2   51   30   29   49   13   90   23    8   84    3   78   21   87   79   97   18   50   32   67    9    6   95    7   72   15   76   44    4   68   12    0
best path cost：6386.973983
step=32000
best path:
    0   96   48   19   54   89   77   80   63   99   41   94   91   45   58   55   47   81   53   22   60   59   28   62   65   70   46   39   35   75   42   82   27   98   36   93    5   56   31   66   85    1   38   25   86   52   74   17   14   26   71   61   37   57   16   40   73   43   24   33   92   88   64   20   10   34   83   11   69    2   51   30   29   49   13   90   23    8   84    3   78   21   87   79   97   18   50   32   67    9    6   95    7   72   15   76   44    4   68   12    0
best path cost：6386.973983
step=34000
best path:
    0   96   48   19   54   89   77   80   63   99   41   94   91   45   58   55   47   81   53   22   60   59   28   62   65   70   46   39   35   75   42   82   27   98   36   93    5   56   31   66   85    1   38   25   86   52   74   17   14   26   71   61   37   57   16   40   73   43   24   33   92   88   64   20   10   34   83   11   69    2   51   30   29   49   13   90   23    8   84    3   78   21   87   79   97   18   50   32   67    9    6   95    7   72   15   76   44    4   68   12    0
best path cost：6386.973983
step=36000
best path:
    0   96   48   19   54   89   77   80   63   99   41   94   91   45   58   55   47   81   53   22   60   59   28   62   65   70   46   39   35   75   42   82   27   98   36   93    5   56   31   66   85    1   38   25   86   52   74   17   14   26   71   61   37   57   16   40   73   43   24   33   92   88   64   20   10   34   83   11   69    2   51   30   29   49   13   90   23    8   84    3   78   21   87   79   97   18   50   32   67    9    6   95    7   72   15   76   44    4   68   12    0
best path cost：6386.973983
step=38000
best path:
    0   96   48   19   54   89   77   80   63   99   41   94   91   45   58   55   47   81   53   22   60   59   28   62   65   70   46   39   35   75   42   82   27   98   36   93    5   56   31   66   85    1   38   25   86   52   74   17   14   26   71   61   37   57   16   40   73   43   24   33   92   88   64   20   10   34   83   11   69    2   51   30   29   49   13   90   23    8   84    3   78   21   87   79   97   18   50   32   67    9    6   95    7   72   15   76   44    4   68   12    0
best path cost：6386.973983
step=40000
best path:
    0   96   48   19   54   89   77   80   63   99   41   94   91   45   58   55   47   81   53   22   60   59   28   62   65   70   46   39   35   75   42   82   27   98   36   93    5   56   31   66   85    1   38   25   86   52   74   17   14   26   71   61   37   57   16   40   73   43   24   33   92   88   64   20   10   34   83   11   69    2   51   30   29   49   13   90   23    8   84    3   78   21   87   79   97   18   50   32   67    9    6   95    7   72   15   76   44    4   68   12    0
best path cost：6386.973983
step=42000
best path:
    0   96   48   19   54   89   77   80   63   99   41   94   91   45   58   55   47   81   53   22   60   59   28   62   65   70   46   39   35   75   42   82   27   98   36   93    5   56   31   66   85    1   38   25   86   52   74   17   14   26   71   61   37   57   16   40   73   43   24   33   92   88   64   20   10   34   83   11   69    2   51   30   29   49   13   90   23    8   84    3   78   21   87   79   97   18   50   32   67    9    6   95    7   72   15   76   44    4   68   12    0
best path cost：6386.973983
step=44000
best path:
    0   96   48   19   54   89   77   80   63   99   41   94   91   45   58   55   47   81   53   22   60   59   28   62   65   70   46   39   35   75   42   82   27   98   36   93    5   56   31   66   85    1   38   25   86   52   74   17   14   26   71   61   37   57   16   40   73   43   24   33   92   88   64   20   10   34   83   11   69    2   51   30   29   49   13   90   23    8   84    3   78   21   87   79   97   18   50   32   67    9    6   95    7   72   15   76   44    4   68   12    0
best path cost：6386.973983
step=46000
best path:
    0   96   48   19   54   89   77   80   63   99   41   94   91   45   58   55   47   81   53   22   60   59   28   62   65   70   46   39   35   75   42   82   27   98   36   93    5   56   31   66   85    1   38   25   86   52   74   17   14   26   71   61   37   57   16   40   73   43   24   33   92   88   64   20   10   34   83   11   69    2   51   30   29   49   13   90   23    8   84    3   78   21   87   79   97   18   50   32   67    9    6   95    7   72   15   76   44    4   68   12    0
best path cost：6386.973983
step=48000
best path:
    0   96   48   19   54   89   77   80   63   99   41   94   91   45   58   55   47   81   53   22   60   59   28   62   65   70   46   39   35   75   42   82   27   98   36   93    5   56   31   66   85    1   38   25   86   52   74   17   14   26   71   61   37   57   16   40   73   43   24   33   92   88   64   20   10   34   83   11   69    2   51   30   29   49   13   90   23    8   84    3   78   21   87   79   97   18   50   32   67    9    6   95    7   72   15   76   44    4   68   12    0
best path cost：6386.973983
step=50000
best path:
    0   96   48   19   54   89   77   80   63   99   41   94   91   45   58   55   47   81   53   22   60   59   28   62   65   70   46   39   35   75   42   82   27   98   36   93    5   56   31   66   85    1   38   25   86   52   74   17   14   26   71   61   37   57   16   40   73   43   24   33   92   88   64   20   10   34   83   11   69    2   51   30   29   49   13   90   23    8   84    3   78   21   87   79   97   18   50   32   67    9    6   95    7   72   15   76   44    4   68   12    0
best path cost：6386.973983
step=52000
best path:
    0   96   48   19   54   89   77   80   63   99   41   94   91   45   58   55   47   81   53   22   60   59   28   62   65   70   46   39   35   75   42   82   27   98   36   93    5   56   31   66   85    1   38   25   86   52   74   17   14   26   71   61   37   57   16   40   73   43   24   33   92   88   64   20   10   34   83   11   69    2   51   30   29   49   13   90   23    8   84    3   78   21   87   79   97   18   50   32   67    9    6   95    7   72   15   76   44    4   68   12    0
best path cost：6386.973983
step=54000
best path:
    0   96   48   19   54   89   77   80   63   99   41   94   91   45   58   55   47   81   53   22   60   59   28   62   65   70   46   39   35   75   42   82   27   98   36   93    5   56   31   66   85    1   38   25   86   52   74   17   14   26   71   61   37   57   16   40   73   43   24   33   92   88   64   20   10   34   83   11   69    2   51   30   29   49   13   90   23    8   84    3   78   21   87   79   97   18   50   32   67    9    6   95    7   72   15   76   44    4   68   12    0
best path cost：6386.973983
step=56000
best path:
    0   96   48   19   54   89   77   80   63   99   41   94   91   45   58   55   47   81   53   22   60   59   28   62   65   70   46   39   35   75   42   82   27   98   36   93    5   56   31   66   85    1   38   25   86   52   74   17   14   26   71   61   37   57   16   40   73   43   24   33   92   88   64   20   10   34   83   11   69    2   51   30   29   49   13   90   23    8   84    3   78   21   87   79   97   18   50   32   67    9    6   95    7   72   15   76   44    4   68   12    0
best path cost：6386.973983
step=58000
best path:
    0   96   48   19   54   89   77   80   63   99   41   94   91   45   58   55   47   81   53   22   60   59   28   62   65   70   46   39   35   75   42   82   27   98   36   93    5   56   31   66   85    1   38   25   86   52   74   17   14   26   71   61   37   57   16   40   73   43   24   33   92   88   64   20   10   34   83   11   69    2   51   30   29   49   13   90   23    8   84    3   78   21   87   79   97   18   50   32   67    9    6   95    7   72   15   76   44    4   68   12    0
best path cost：6386.973983
step=60000
best path:
    0   96   48   19   54   89   77   80   63   99   41   94   91   45   58   55   47   81   53   22   60   59   28   62   65   70   46   39   35   75   42   82   27   98   36   93    5   56   31   66   85    1   38   25   86   52   74   17   14   26   71   61   37   57   16   40   73   43   24   33   92   88   64   20   10   34   83   11   69    2   51   30   29   49   13   90   23    8   84    3   78   21   87   79   97   18   50   32   67    9    6   95    7   72   15   76   44    4   68   12    0
best path cost：6386.973983
step=62000
best path:
    0   96   48   19   54   89   77   80   63   99   41   94   91   45   58   55   47   81   53   22   60   59   28   62   65   70   46   39   35   75   42   82   27   98   36   93    5   56   31   66   85    1   38   25   86   52   74   17   14   26   71   61   37   57   16   40   73   43   24   33   92   88   64   20   10   34   83   11   69    2   51   30   29   49   13   90   23    8   84    3   78   21   87   79   97   18   50   32   67    9    6   95    7   72   15   76   44    4   68   12    0
best path cost：6386.973983
step=64000
best path:
    0   96   48   19   54   89   77   80   63   99   41   94   91   45   58   55   47   81   53   22   60   59   28   62   65   70   46   39   35   75   42   82   27   98   36   93    5   56   31   66   85    1   38   25   86   52   74   17   14   26   71   61   37   57   16   40   73   43   24   33   92   88   64   20   10   34   83   11   69    2   51   30   29   49   13   90   23    8   84    3   78   21   87   79   97   18   50   32   67    9    6   95    7   72   15   76   44    4   68   12    0
best path cost：6386.973983
step=66000
best path:
    0   96   48   19   54   89   77   80   63   99   41   94   91   45   58   55   47   81   53   22   60   59   28   62   65   70   46   39   35   75   42   82   27   98   36   93    5   56   31   66   85    1   38   25   86   52   74   17   14   26   71   61   37   57   16   40   73   43   24   33   92   88   64   20   10   34   83   11   69    2   51   30   29   49   13   90   23    8   84    3   78   21   87   79   97   18   50   32   67    9    6   95    7   72   15   76   44    4   68   12    0
best path cost：6386.973983
step=68000
best path:
    0   96   48   19   54   89   77   80   63   99   41   94   91   45   58   55   47   81   53   22   60   59   28   62   65   70   46   39   35   75   42   82   27   98   36   93    5   56   31   66   85    1   38   25   86   52   74   17   14   26   71   61   37   57   16   40   73   43   24   33   92   88   64   20   10   34   83   11   69    2   51   30   29   49   13   90   23    8   84    3   78   21   87   79   97   18   50   32   67    9    6   95    7   72   15   76   44    4   68   12    0
best path cost：6386.973983
step=70000
best path:
    0   96   48   19   54   89   77   80   63   99   41   94   91   45   58   55   47   81   53   22   60   59   28   62   65   70   46   39   35   75   42   82   27   98   36   93    5   56   31   66   85    1   38   25   86   52   74   17   14   26   71   61   37   57   16   40   73   43   24   33   92   88   64   20   10   34   83   11   69    2   51   30   29   49   13   90   23    8   84    3   78   21   87   79   97   18   50   32   67    9    6   95    7   72   15   76   44    4   68   12    0
best path cost：6386.973983
step=72000
best path:
    0   96   48   19   54   89   77   80   63   99   41   94   91   45   58   55   47   81   53   22   60   59   28   62   65   70   46   39   35   75   42   82   27   98   36   93    5   56   31   66   85    1   38   25   86   52   74   17   14   26   71   61   37   57   16   40   73   43   24   33   92   88   64   20   10   34   83   11   69    2   51   30   29   49   13   90   23    8   84    3   78   21   87   79   97   18   50   32   67    9    6   95    7   72   15   76   44    4   68   12    0
best path cost：6386.973983
step=74000
best path:
    0   96   48   19   54   89   77   80   63   99   41   94   91   45   58   55   47   81   53   22   60   59   28   62   65   70   46   39   35   75   42   82   27   98   36   93    5   56   31   66   85    1   38   25   86   52   74   17   14   26   71   61   37   57   16   40   73   43   24   33   92   88   64   20   10   34   83   11   69    2   51   30   29   49   13   90   23    8   84    3   78   21   87   79   97   18   50   32   67    9    6   95    7   72   15   76   44    4   68   12    0
best path cost：6386.973983
step=76000
best path:
    0   96   48   19   54   89   77   80   63   99   41   94   91   45   58   55   47   81   53   22   60   59   28   62   65   70   46   39   35   75   42   82   27   98   36   93    5   56   31   66   85    1   38   25   86   52   74   17   14   26   71   61   37   57   16   40   73   43   24   33   92   88   64   20   10   34   83   11   69    2   51   30   29   49   13   90   23    8   84    3   78   21   87   79   97   18   50   32   67    9    6   95    7   72   15   76   44    4   68   12    0
best path cost：6386.973983
step=78000
best path:
    0   96   48   19   54   89   77   80   63   99   41   94   91   45   58   55   47   81   53   22   60   59   28   62   65   70   46   39   35   75   42   82   27   98   36   93    5   56   31   66   85    1   38   25   86   52   74   17   14   26   71   61   37   57   16   40   73   43   24   33   92   88   64   20   10   34   83   11   69    2   51   30   29   49   13   90   23    8   84    3   78   21   87   79   97   18   50   32   67    9    6   95    7   72   15   76   44    4   68   12    0
best path cost：6386.973983
step=80000
best path:
    0   96   48   19   54   89   77   80   63   99   41   94   91   45   58   55   47   81   53   22   60   59   28   62   65   70   46   39   35   75   42   82   27   98   36   93    5   56   31   66   85    1   38   25   86   52   74   17   14   26   71   61   37   57   16   40   73   43   24   33   92   88   64   20   10   34   83   11   69    2   51   30   29   49   13   90   23    8   84    3   78   21   87   79   97   18   50   32   67    9    6   95    7   72   15   76   44    4   68   12    0
best path cost：6386.973983
step=82000
best path:
    0   96   48   19   54   89   77   80   63   99   41   94   91   45   58   55   47   81   53   22   60   59   28   62   65   70   46   39   35   75   42   82   27   98   36   93    5   56   31   66   85    1   38   25   86   52   74   17   14   26   71   61   37   57   16   40   73   43   24   33   92   88   64   20   10   34   83   11   69    2   51   30   29   49   13   90   23    8   84    3   78   21   87   79   97   18   50   32   67    9    6   95    7   72   15   76   44    4   68   12    0
best path cost：6386.973983
step=84000
best path:
    0   96   48   19   54   89   77   80   63   99   41   94   91   45   58   55   47   81   53   22   60   59   28   62   65   70   46   39   35   75   42   82   27   98   36   93    5   56   31   66   85    1   38   25   86   52   74   17   14   26   71   61   37   57   16   40   73   43   24   33   92   88   64   20   10   34   83   11   69    2   51   30   29   49   13   90   23    8   84    3   78   21   87   79   97   18   50   32   67    9    6   95    7   72   15   76   44    4   68   12    0
best path cost：6386.973983
step=86000
best path:
    0   96   48   19   54   89   77   80   63   99   41   94   91   45   58   55   47   81   53   22   60   59   28   62   65   70   46   39   35   75   42   82   27   98   36   93    5   56   31   66   85    1   38   25   86   52   74   17   14   26   71   61   37   57   16   40   73   43   24   33   92   88   64   20   10   34   83   11   69    2   51   30   29   49   13   90   23    8   84    3   78   21   87   79   97   18   50   32   67    9    6   95    7   72   15   76   44    4   68   12    0
best path cost：6386.973983
step=88000
best path:
    0   96   48   19   54   89   77   80   63   99   41   94   91   45   58   55   47   81   53   22   60   59   28   62   65   70   46   39   35   75   42   82   27   98   36   93    5   56   31   66   85    1   38   25   86   52   74   17   14   26   71   61   37   57   16   40   73   43   24   33   92   88   64   20   10   34   83   11   69    2   51   30   29   49   13   90   23    8   84    3   78   21   87   79   97   18   50   32   67    9    6   95    7   72   15   76   44    4   68   12    0
best path cost：6386.973983
step=90000
best path:
    0   96   48   19   54   89   77   80   63   99   41   94   91   45   58   55   47   81   53   22   60   59   28   62   65   70   46   39   35   75   42   82   27   98   36   93    5   56   31   66   85    1   38   25   86   52   74   17   14   26   71   61   37   57   16   40   73   43   24   33   92   88   64   20   10   34   83   11   69    2   51   30   29   49   13   90   23    8   84    3   78   21   87   79   97   18   50   32   67    9    6   95    7   72   15   76   44    4   68   12    0
best path cost：6386.973983
step=92000
best path:
    0   96   48   19   54   89   77   80   63   99   41   94   91   45   58   55   47   81   53   22   60   59   28   62   65   70   46   39   35   75   42   82   27   98   36   93    5   56   31   66   85    1   38   25   86   52   74   17   14   26   71   61   37   57   16   40   73   43   24   33   92   88   64   20   10   34   83   11   69    2   51   30   29   49   13   90   23    8   84    3   78   21   87   79   97   18   50   32   67    9    6   95    7   72   15   76   44    4   68   12    0
best path cost：6386.973983
step=94000
best path:
    0   96   48   19   54   89   77   80   63   99   41   94   91   45   58   55   47   81   53   22   60   59   28   62   65   70   46   39   35   75   42   82   27   98   36   93    5   56   31   66   85    1   38   25   86   52   74   17   14   26   71   61   37   57   16   40   73   43   24   33   92   88   64   20   10   34   83   11   69    2   51   30   29   49   13   90   23    8   84    3   78   21   87   79   97   18   50   32   67    9    6   95    7   72   15   76   44    4   68   12    0
best path cost：6386.973983
step=96000
best path:
    0   96   48   19   54   89   77   80   63   99   41   94   91   45   58   55   47   81   53   22   60   59   28   62   65   70   46   39   35   75   42   82   27   98   36   93    5   56   31   66   85    1   38   25   86   52   74   17   14   26   71   61   37   57   16   40   73   43   24   33   92   88   64   20   10   34   83   11   69    2   51   30   29   49   13   90   23    8   84    3   78   21   87   79   97   18   50   32   67    9    6   95    7   72   15   76   44    4   68   12    0
best path cost：6386.973983
step=98000
best path:
    0   96   48   19   54   89   77   80   63   99   41   94   91   45   58   55   47   81   53   22   60   59   28   62   65   70   46   39   35   75   42   82   27   98   36   93    5   56   31   66   85    1   38   25   86   52   74   17   14   26   71   61   37   57   16   40   73   43   24   33   92   88   64   20   10   34   83   11   69    2   51   30   29   49   13   90   23    8   84    3   78   21   87   79   97   18   50   32   67    9    6   95    7   72   15   76   44    4   68   12    0
best path cost：6386.973983
step=100000
best path:
    0   96   48   19   54   89   77   80   63   99   41   94   91   45   58   55   47   81   53   22   60   59   28   62   65   70   46   39   35   75   42   82   27   98   36   93    5   56   31   66   85    1   38   25   86   52   74   17   14   26   71   61   37   57   16   40   73   43   24   33   92   88   64   20   10   34   83   11   69    2   51   30   29   49   13   90   23    8   84    3   78   21   87   79   97   18   50   32   67    9    6   95    7   72   15   76   44    4   68   12    0
best path cost：6386.973983
step=102000
best path:
    0   96   48   19   54   89   77   80   63   99   41   94   91   45   58   55   47   81   53   22   60   59   28   62   65   70   46   39   35   75   42   82   27   98   36   93    5   56   31   66   85    1   38   25   86   52   74   17   14   26   71   61   37   57   16   40   73   43   24   33   92   88   64   20   10   34   83   11   69    2   51   30   29   49   13   90   23    8   84    3   78   21   87   79   97   18   50   32   67    9    6   95    7   72   15   76   44    4   68   12    0
best path cost：6386.973983
step=104000
best path:
    0   96   48   19   54   89   77   80   63   99   41   94   91   45   58   55   47   81   53   22   60   59   28   62   65   70   46   39   35   75   42   82   27   98   36   93    5   56   31   66   85    1   38   25   86   52   74   17   14   26   71   61   37   57   16   40   73   43   24   33   92   88   64   20   10   34   83   11   69    2   51   30   29   49   13   90   23    8   84    3   78   21   87   79   97   18   50   32   67    9    6   95    7   72   15   76   44    4   68   12    0
best path cost：6386.973983
step=106000
best path:
    0   96   48   19   54   89   77   80   63   99   41   94   91   45   58   55   47   81   53   22   60   59   28   62   65   70   46   39   35   75   42   82   27   98   36   93    5   56   31   66   85    1   38   25   86   52   74   17   14   26   71   61   37   57   16   40   73   43   24   33   92   88   64   20   10   34   83   11   69    2   51   30   29   49   13   90   23    8   84    3   78   21   87   79   97   18   50   32   67    9    6   95    7   72   15   76   44    4   68   12    0
best path cost：6386.973983
step=108000
best path:
    0   96   48   19   54   89   77   80   63   99   41   94   91   45   58   55   47   81   53   22   60   59   28   62   65   70   46   39   35   75   42   82   27   98   36   93    5   56   31   66   85    1   38   25   86   52   74   17   14   26   71   61   37   57   16   40   73   43   24   33   92   88   64   20   10   34   83   11   69    2   51   30   29   49   13   90   23    8   84    3   78   21   87   79   97   18   50   32   67    9    6   95    7   72   15   76   44    4   68   12    0
best path cost：6386.973983
step=110000
best path:
    0   96   48   19   54   89   77   80   63   99   41   94   91   45   58   55   47   81   53   22   60   59   28   62   65   70   46   39   35   75   42   82   27   98   36   93    5   56   31   66   85    1   38   25   86   52   74   17   14   26   71   61   37   57   16   40   73   43   24   33   92   88   64   20   10   34   83   11   69    2   51   30   29   49   13   90   23    8   84    3   78   21   87   79   97   18   50   32   67    9    6   95    7   72   15   76   44    4   68   12    0
best path cost：6386.973983
step=112000
best path:
    0   96   48   19   54   89   77   80   63   99   41   94   91   45   58   55   47   81   53   22   60   59   28   62   65   70   46   39   35   75   42   82   27   98   36   93    5   56   31   66   85    1   38   25   86   52   74   17   14   26   71   61   37   57   16   40   73   43   24   33   92   88   64   20   10   34   83   11   69    2   51   30   29   49   13   90   23    8   84    3   78   21   87   79   97   18   50   32   67    9    6   95    7   72   15   76   44    4   68   12    0
best path cost：6386.973983
step=114000
best path:
    0   96   48   19   54   89   77   80   63   99   41   94   91   45   58   55   47   81   53   22   60   59   28   62   65   70   46   39   35   75   42   82   27   98   36   93    5   56   31   66   85    1   38   25   86   52   74   17   14   26   71   61   37   57   16   40   73   43   24   33   92   88   64   20   10   34   83   11   69    2   51   30   29   49   13   90   23    8   84    3   78   21   87   79   97   18   50   32   67    9    6   95    7   72   15   76   44    4   68   12    0
best path cost：6386.973983
step=116000
best path:
    0   96   48   19   54   89   77   80   63   99   41   94   91   45   58   55   47   81   53   22   60   59   28   62   65   70   46   39   35   75   42   82   27   98   36   93    5   56   31   66   85    1   38   25   86   52   74   17   14   26   71   61   37   57   16   40   73   43   24   33   92   88   64   20   10   34   83   11   69    2   51   30   29   49   13   90   23    8   84    3   78   21   87   79   97   18   50   32   67    9    6   95    7   72   15   76   44    4   68   12    0
best path cost：6386.973983
step=118000
best path:
    0   96   48   19   54   89   77   80   63   99   41   94   91   45   58   55   47   81   53   22   60   59   28   62   65   70   46   39   35   75   42   82   27   98   36   93    5   56   31   66   85    1   38   25   86   52   74   17   14   26   71   61   37   57   16   40   73   43   24   33   92   88   64   20   10   34   83   11   69    2   51   30   29   49   13   90   23    8   84    3   78   21   87   79   97   18   50   32   67    9    6   95    7   72   15   76   44    4   68   12    0
best path cost：6386.973983
step=120000
best path:
    0   96   48   19   54   89   77   80   63   99   41   94   91   45   58   55   47   81   53   22   60   59   28   62   65   70   46   39   35   75   42   82   27   98   36   93    5   56   31   66   85    1   38   25   86   52   74   17   14   26   71   61   37   57   16   40   73   43   24   33   92   88   64   20   10   34   83   11   69    2   51   30   29   49   13   90   23    8   84    3   78   21   87   79   97   18   50   32   67    9    6   95    7   72   15   76   44    4   68   12    0
best path cost：6386.973983
step=122000
best path:
    0   96   48   19   54   89   77   80   63   99   41   94   91   45   58   55   47   81   53   22   60   59   28   62   65   70   46   39   35   75   42   82   27   98   36   93    5   56   31   66   85    1   38   25   86   52   74   17   14   26   71   61   37   57   16   40   73   43   24   33   92   88   64   20   10   34   83   11   69    2   51   30   29   49   13   90   23    8   84    3   78   21   87   79   97   18   50   32   67    9    6   95    7   72   15   76   44    4   68   12    0
best path cost：6386.973983
step=124000
best path:
    0   96   48   19   54   89   77   80   63   99   41   94   91   45   58   55   47   81   53   22   60   59   28   62   65   70   46   39   35   75   42   82   27   98   36   93    5   56   31   66   85    1   38   25   86   52   74   17   14   26   71   61   37   57   16   40   73   43   24   33   92   88   64   20   10   34   83   11   69    2   51   30   29   49   13   90   23    8   84    3   78   21   87   79   97   18   50   32   67    9    6   95    7   72   15   76   44    4   68   12    0
best path cost：6386.973983
step=126000
best path:
    0   96   48   19   54   89   77   80   63   99   41   94   91   45   58   55   47   81   53   22   60   59   28   62   65   70   46   39   35   75   42   82   27   98   36   93    5   56   31   66   85    1   38   25   86   52   74   17   14   26   71   61   37   57   16   40   73   43   24   33   92   88   64   20   10   34   83   11   69    2   51   30   29   49   13   90   23    8   84    3   78   21   87   79   97   18   50   32   67    9    6   95    7   72   15   76   44    4   68   12    0
best path cost：6386.973983
step=128000
best path:
    0   96   48   19   54   89   77   80   63   99   41   94   91   45   58   55   47   81   53   22   60   59   28   62   65   70   46   39   35   75   42   82   27   98   36   93    5   56   31   66   85    1   38   25   86   52   74   17   14   26   71   61   37   57   16   40   73   43   24   33   92   88   64   20   10   34   83   11   69    2   51   30   29   49   13   90   23    8   84    3   78   21   87   79   97   18   50   32   67    9    6   95    7   72   15   76   44    4   68   12    0
best path cost：6386.973983
step=130000
best path:
    0   96   48   19   54   89   77   80   63   99   41   94   91   45   58   55   47   81   53   22   60   59   28   62   65   70   46   39   35   75   42   82   27   98   36   93    5   56   31   66   85    1   38   25   86   52   74   17   14   26   71   61   37   57   16   40   73   43   24   33   92   88   64   20   10   34   83   11   69    2   51   30   29   49   13   90   23    8   84    3   78   21   87   79   97   18   50   32   67    9    6   95    7   72   15   76   44    4   68   12    0
best path cost：6386.973983
step=132000
best path:
    0   96   48   19   54   89   77   80   63   99   41   94   91   45   58   55   47   81   53   22   60   59   28   62   65   70   46   39   35   75   42   82   27   98   36   93    5   56   31   66   85    1   38   25   86   52   74   17   14   26   71   61   37   57   16   40   73   43   24   33   92   88   64   20   10   34   83   11   69    2   51   30   29   49   13   90   23    8   84    3   78   21   87   79   97   18   50   32   67    9    6   95    7   72   15   76   44    4   68   12    0
best path cost：6386.973983
step=134000
best path:
    0   96   48   19   54   89   77   80   63   99   41   94   91   45   58   55   47   81   53   22   60   59   28   62   65   70   46   39   35   75   42   82   27   98   36   93    5   56   31   66   85    1   38   25   86   52   74   17   14   26   71   61   37   57   16   40   73   43   24   33   92   88   64   20   10   34   83   11   69    2   51   30   29   49   13   90   23    8   84    3   78   21   87   79   97   18   50   32   67    9    6   95    7   72   15   76   44    4   68   12    0
best path cost：6386.973983
step=136000
best path:
    0   96   48   19   54   89   77   80   63   99   41   94   91   45   58   55   47   81   53   22   60   59   28   62   65   70   46   39   35   75   42   82   27   98   36   93    5   56   31   66   85    1   38   25   86   52   74   17   14   26   71   61   37   57   16   40   73   43   24   33   92   88   64   20   10   34   83   11   69    2   51   30   29   49   13   90   23    8   84    3   78   21   87   79   97   18   50   32   67    9    6   95    7   72   15   76   44    4   68   12    0
best path cost：6386.973983
step=138000
best path:
    0   96   48   19   54   89   77   80   63   99   41   94   91   45   58   55   47   81   53   22   60   59   28   62   65   70   46   39   35   75   42   82   27   98   36   93    5   56   31   66   85    1   38   25   86   52   74   17   14   26   71   61   37   57   16   40   73   43   24   33   92   88   64   20   10   34   83   11   69    2   51   30   29   49   13   90   23    8   84    3   78   21   87   79   97   18   50   32   67    9    6   95    7   72   15   76   44    4   68   12    0
best path cost：6386.973983
step=140000
best path:
    0   96   48   19   54   89   77   80   63   99   41   94   91   45   58   55   47   81   53   22   60   59   28   62   65   70   46   39   35   75   42   82   27   98   36   93    5   56   31   66   85    1   38   25   86   52   74   17   14   26   71   61   37   57   16   40   73   43   24   33   92   88   64   20   10   34   83   11   69    2   51   30   29   49   13   90   23    8   84    3   78   21   87   79   97   18   50   32   67    9    6   95    7   72   15   76   44    4   68   12    0
best path cost：6386.973983
step=142000
best path:
    0   96   48   19   54   89   77   80   63   99   41   94   91   45   58   55   47   81   53   22   60   59   28   62   65   70   46   39   35   75   42   82   27   98   36   93    5   56   31   66   85    1   38   25   86   52   74   17   14   26   71   61   37   57   16   40   73   43   24   33   92   88   64   20   10   34   83   11   69    2   51   30   29   49   13   90   23    8   84    3   78   21   87   79   97   18   50   32   67    9    6   95    7   72   15   76   44    4   68   12    0
best path cost：6386.973983
step=144000
best path:
    0   96   48   19   54   89   77   80   63   99   41   94   91   45   58   55   47   81   53   22   60   59   28   62   65   70   46   39   35   75   42   82   27   98   36   93    5   56   31   66   85    1   38   25   86   52   74   17   14   26   71   61   37   57   16   40   73   43   24   33   92   88   64   20   10   34   83   11   69    2   51   30   29   49   13   90   23    8   84    3   78   21   87   79   97   18   50   32   67    9    6   95    7   72   15   76   44    4   68   12    0
best path cost：6386.973983
step=146000
best path:
    0   96   48   19   54   89   77   80   63   99   41   94   91   45   58   55   47   81   53   22   60   59   28   62   65   70   46   39   35   75   42   82   27   98   36   93    5   56   31   66   85    1   38   25   86   52   74   17   14   26   71   61   37   57   16   40   73   43   24   33   92   88   64   20   10   34   83   11   69    2   51   30   29   49   13   90   23    8   84    3   78   21   87   79   97   18   50   32   67    9    6   95    7   72   15   76   44    4   68   12    0
best path cost：6386.973983
step=148000
best path:
    0   96   48   19   54   89   77   80   63   99   41   94   91   45   58   55   47   81   53   22   60   59   28   62   65   70   46   39   35   75   42   82   27   98   36   93    5   56   31   66   85    1   38   25   86   52   74   17   14   26   71   61   37   57   16   40   73   43   24   33   92   88   64   20   10   34   83   11   69    2   51   30   29   49   13   90   23    8   84    3   78   21   87   79   97   18   50   32   67    9    6   95    7   72   15   76   44    4   68   12    0
best path cost：6386.973983
step=150000
best path:
    0   96   48   19   54   89   77   80   63   99   41   94   91   45   58   55   47   81   53   22   60   59   28   62   65   70   46   39   35   75   42   82   27   98   36   93    5   56   31   66   85    1   38   25   86   52   74   17   14   26   71   61   37   57   16   40   73   43   24   33   92   88   64   20   10   34   83   11   69    2   51   30   29   49   13   90   23    8   84    3   78   21   87   79   97   18   50   32   67    9    6   95    7   72   15   76   44    4   68   12    0
best path cost：6386.973983
step=152000
best path:
    0   96   48   19   54   89   77   80   63   99   41   94   91   45   58   55   47   81   53   22   60   59   28   62   65   70   46   39   35   75   42   82   27   98   36   93    5   56   31   66   85    1   38   25   86   52   74   17   14   26   71   61   37   57   16   40   73   43   24   33   92   88   64   20   10   34   83   11   69    2   51   30   29   49   13   90   23    8   84    3   78   21   87   79   97   18   50   32   67    9    6   95    7   72   15   76   44    4   68   12    0
best path cost：6386.973983
step=154000
best path:
    0   96   48   19   54   89   77   80   63   99   41   94   91   45   58   55   47   81   53   22   60   59   28   62   65   70   46   39   35   75   42   82   27   98   36   93    5   56   31   66   85    1   38   25   86   52   74   17   14   26   71   61   37   57   16   40   73   43   24   33   92   88   64   20   10   34   83   11   69    2   51   30   29   49   13   90   23    8   84    3   78   21   87   79   97   18   50   32   67    9    6   95    7   72   15   76   44    4   68   12    0
best path cost：6386.973983
step=156000
best path:
    0   96   48   19   54   89   77   80   63   99   41   94   91   45   58   55   47   81   53   22   60   59   28   62   65   70   46   39   35   75   42   82   27   98   36   93    5   56   31   66   85    1   38   25   86   52   74   17   14   26   71   61   37   57   16   40   73   43   24   33   92   88   64   20   10   34   83   11   69    2   51   30   29   49   13   90   23    8   84    3   78   21   87   79   97   18   50   32   67    9    6   95    7   72   15   76   44    4   68   12    0
best path cost：6386.973983
step=158000
best path:
    0   96   48   19   54   89   77   80   63   99   41   94   91   45   58   55   47   81   53   22   60   59   28   62   65   70   46   39   35   75   42   82   27   98   36   93    5   56   31   66   85    1   38   25   86   52   74   17   14   26   71   61   37   57   16   40   73   43   24   33   92   88   64   20   10   34   83   11   69    2   51   30   29   49   13   90   23    8   84    3   78   21   87   79   97   18   50   32   67    9    6   95    7   72   15   76   44    4   68   12    0
best path cost：6386.973983
step=160000
best path:
    0   96   48   19   54   89   77   80   63   99   41   94   91   45   58   55   47   81   53   22   60   59   28   62   65   70   46   39   35   75   42   82   27   98   36   93    5   56   31   66   85    1   38   25   86   52   74   17   14   26   71   61   37   57   16   40   73   43   24   33   92   88   64   20   10   34   83   11   69    2   51   30   29   49   13   90   23    8   84    3   78   21   87   79   97   18   50   32   67    9    6   95    7   72   15   76   44    4   68   12    0
best path cost：6386.973983
step=162000
best path:
    0   96   48   19   54   89   77   80   63   99   41   94   91   45   58   55   47   81   53   22   60   59   28   62   65   70   46   39   35   75   42   82   27   98   36   93    5   56   31   66   85    1   38   25   86   52   74   17   14   26   71   61   37   57   16   40   73   43   24   33   92   88   64   20   10   34   83   11   69    2   51   30   29   49   13   90   23    8   84    3   78   21   87   79   97   18   50   32   67    9    6   95    7   72   15   76   44    4   68   12    0
best path cost：6386.973983
step=164000
best path:
    0   96   48   19   54   89   77   80   63   99   41   94   91   45   58   55   47   81   53   22   60   59   28   62   65   70   46   39   35   75   42   82   27   98   36   93    5   56   31   66   85    1   38   25   86   52   74   17   14   26   71   61   37   57   16   40   73   43   24   33   92   88   64   20   10   34   83   11   69    2   51   30   29   49   13   90   23    8   84    3   78   21   87   79   97   18   50   32   67    9    6   95    7   72   15   76   44    4   68   12    0
best path cost：6386.973983
step=166000
best path:
    0   96   48   19   54   89   77   80   63   99   41   94   91   45   58   55   47   81   53   22   60   59   28   62   65   70   46   39   35   75   42   82   27   98   36   93    5   56   31   66   85    1   38   25   86   52   74   17   14   26   71   61   37   57   16   40   73   43   24   33   92   88   64   20   10   34   83   11   69    2   51   30   29   49   13   90   23    8   84    3   78   21   87   79   97   18   50   32   67    9    6   95    7   72   15   76   44    4   68   12    0
best path cost：6386.973983
step=168000
best path:
    0   96   48   19   54   89   77   80   63   99   41   94   91   45   58   55   47   81   53   22   60   59   28   62   65   70   46   39   35   75   42   82   27   98   36   93    5   56   31   66   85    1   38   25   86   52   74   17   14   26   71   61   37   57   16   40   73   43   24   33   92   88   64   20   10   34   83   11   69    2   51   30   29   49   13   90   23    8   84    3   78   21   87   79   97   18   50   32   67    9    6   95    7   72   15   76   44    4   68   12    0
best path cost：6386.973983
step=170000
best path:
    0   96   48   19   54   89   77   80   63   99   41   94   91   45   58   55   47   81   53   22   60   59   28   62   65   70   46   39   35   75   42   82   27   98   36   93    5   56   31   66   85    1   38   25   86   52   74   17   14   26   71   61   37   57   16   40   73   43   24   33   92   88   64   20   10   34   83   11   69    2   51   30   29   49   13   90   23    8   84    3   78   21   87   79   97   18   50   32   67    9    6   95    7   72   15   76   44    4   68   12    0
best path cost：6386.973983
step=172000
best path:
    0   96   48   19   54   89   77   80   63   99   41   94   91   45   58   55   47   81   53   22   60   59   28   62   65   70   46   39   35   75   42   82   27   98   36   93    5   56   31   66   85    1   38   25   86   52   74   17   14   26   71   61   37   57   16   40   73   43   24   33   92   88   64   20   10   34   83   11   69    2   51   30   29   49   13   90   23    8   84    3   78   21   87   79   97   18   50   32   67    9    6   95    7   72   15   76   44    4   68   12    0
best path cost：6386.973983
step=174000
best path:
    0   96   48   19   54   89   77   80   63   99   41   94   91   45   58   55   47   81   53   22   60   59   28   62   65   70   46   39   35   75   42   82   27   98   36   93    5   56   31   66   85    1   38   25   86   52   74   17   14   26   71   61   37   57   16   40   73   43   24   33   92   88   64   20   10   34   83   11   69    2   51   30   29   49   13   90   23    8   84    3   78   21   87   79   97   18   50   32   67    9    6   95    7   72   15   76   44    4   68   12    0
best path cost：6386.973983
step=176000
best path:
    0   96   48   19   54   89   77   80   63   99   41   94   91   45   58   55   47   81   53   22   60   59   28   62   65   70   46   39   35   75   42   82   27   98   36   93    5   56   31   66   85    1   38   25   86   52   74   17   14   26   71   61   37   57   16   40   73   43   24   33   92   88   64   20   10   34   83   11   69    2   51   30   29   49   13   90   23    8   84    3   78   21   87   79   97   18   50   32   67    9    6   95    7   72   15   76   44    4   68   12    0
best path cost：6386.973983
step=178000
best path:
    0   96   48   19   54   89   77   80   63   99   41   94   91   45   58   55   47   81   53   22   60   59   28   62   65   70   46   39   35   75   42   82   27   98   36   93    5   56   31   66   85    1   38   25   86   52   74   17   14   26   71   61   37   57   16   40   73   43   24   33   92   88   64   20   10   34   83   11   69    2   51   30   29   49   13   90   23    8   84    3   78   21   87   79   97   18   50   32   67    9    6   95    7   72   15   76   44    4   68   12    0
best path cost：6386.973983
step=180000
best path:
    0   96   48   19   54   89   77   80   63   99   41   94   91   45   58   55   47   81   53   22   60   59   28   62   65   70   46   39   35   75   42   82   27   98   36   93    5   56   31   66   85    1   38   25   86   52   74   17   14   26   71   61   37   57   16   40   73   43   24   33   92   88   64   20   10   34   83   11   69    2   51   30   29   49   13   90   23    8   84    3   78   21   87   79   97   18   50   32   67    9    6   95    7   72   15   76   44    4   68   12    0
best path cost：6386.973983
step=182000
best path:
    0   96   48   19   54   89   77   80   63   99   41   94   91   45   58   55   47   81   53   22   60   59   28   62   65   70   46   39   35   75   42   82   27   98   36   93    5   56   31   66   85    1   38   25   86   52   74   17   14   26   71   61   37   57   16   40   73   43   24   33   92   88   64   20   10   34   83   11   69    2   51   30   29   49   13   90   23    8   84    3   78   21   87   79   97   18   50   32   67    9    6   95    7   72   15   76   44    4   68   12    0
best path cost：6386.973983
step=184000
best path:
    0   96   48   19   54   89   77   80   63   99   41   94   91   45   58   55   47   81   53   22   60   59   28   62   65   70   46   39   35   75   42   82   27   98   36   93    5   56   31   66   85    1   38   25   86   52   74   17   14   26   71   61   37   57   16   40   73   43   24   33   92   88   64   20   10   34   83   11   69    2   51   30   29   49   13   90   23    8   84    3   78   21   87   79   97   18   50   32   67    9    6   95    7   72   15   76   44    4   68   12    0
best path cost：6386.973983
step=186000
best path:
    0   96   48   19   54   89   77   80   63   99   41   94   91   45   58   55   47   81   53   22   60   59   28   62   65   70   46   39   35   75   42   82   27   98   36   93    5   56   31   66   85    1   38   25   86   52   74   17   14   26   71   61   37   57   16   40   73   43   24   33   92   88   64   20   10   34   83   11   69    2   51   30   29   49   13   90   23    8   84    3   78   21   87   79   97   18   50   32   67    9    6   95    7   72   15   76   44    4   68   12    0
best path cost：6386.973983
step=188000
best path:
    0   96   48   19   54   89   77   80   63   99   41   94   91   45   58   55   47   81   53   22   60   59   28   62   65   70   46   39   35   75   42   82   27   98   36   93    5   56   31   66   85    1   38   25   86   52   74   17   14   26   71   61   37   57   16   40   73   43   24   33   92   88   64   20   10   34   83   11   69    2   51   30   29   49   13   90   23    8   84    3   78   21   87   79   97   18   50   32   67    9    6   95    7   72   15   76   44    4   68   12    0
best path cost：6386.973983
step=190000
best path:
    0   96   48   19   54   89   77   80   63   99   41   94   91   45   58   55   47   81   53   22   60   59   28   62   65   70   46   39   35   75   42   82   27   98   36   93    5   56   31   66   85    1   38   25   86   52   74   17   14   26   71   61   37   57   16   40   73   43   24   33   92   88   64   20   10   34   83   11   69    2   51   30   29   49   13   90   23    8   84    3   78   21   87   79   97   18   50   32   67    9    6   95    7   72   15   76   44    4   68   12    0
best path cost：6386.973983
step=192000
best path:
    0   96   48   19   54   89   77   80   63   99   41   94   91   45   58   55   47   81   53   22   60   59   28   62   65   70   46   39   35   75   42   82   27   98   36   93    5   56   31   66   85    1   38   25   86   52   74   17   14   26   71   61   37   57   16   40   73   43   24   33   92   88   64   20   10   34   83   11   69    2   51   30   29   49   13   90   23    8   84    3   78   21   87   79   97   18   50   32   67    9    6   95    7   72   15   76   44    4   68   12    0
best path cost：6386.973983
step=194000
best path:
    0   96   48   19   54   89   77   80   63   99   41   94   91   45   58   55   47   81   53   22   60   59   28   62   65   70   46   39   35   75   42   82   27   98   36   93    5   56   31   66   85    1   38   25   86   52   74   17   14   26   71   61   37   57   16   40   73   43   24   33   92   88   64   20   10   34   83   11   69    2   51   30   29   49   13   90   23    8   84    3   78   21   87   79   97   18   50   32   67    9    6   95    7   72   15   76   44    4   68   12    0
best path cost：6386.973983
step=196000
best path:
    0   96   48   19   54   89   77   80   63   99   41   94   91   45   58   55   47   81   53   22   60   59   28   62   65   70   46   39   35   75   42   82   27   98   36   93    5   56   31   66   85    1   38   25   86   52   74   17   14   26   71   61   37   57   16   40   73   43   24   33   92   88   64   20   10   34   83   11   69    2   51   30   29   49   13   90   23    8   84    3   78   21   87   79   97   18   50   32   67    9    6   95    7   72   15   76   44    4   68   12    0
best path cost：6386.973983
step=198000
best path:
    0   96   48   19   54   89   77   80   63   99   41   94   91   45   58   55   47   81   53   22   60   59   28   62   65   70   46   39   35   75   42   82   27   98   36   93    5   56   31   66   85    1   38   25   86   52   74   17   14   26   71   61   37   57   16   40   73   43   24   33   92   88   64   20   10   34   83   11   69    2   51   30   29   49   13   90   23    8   84    3   78   21   87   79   97   18   50   32   67    9    6   95    7   72   15   76   44    4   68   12    0
best path cost：6386.973983
step=200000
best path:
    0   96   48   19   54   89   77   80   63   99   41   94   91   45   58   55   47   81   53   22   60   59   28   62   65   70   46   39   35   75   42   82   27   98   36   93    5   56   31   66   85    1   38   25   86   52   74   17   14   26   71   61   37   57   16   40   73   43   24   33   92   88   64   20   10   34   83   11   69    2   51   30   29   49   13   90   23    8   84    3   78   21   87   79   97   18   50   32   67    9    6   95    7   72   15   76   44    4   68   12    0
best path cost：6386.973983
step=202000
best path:
    0   96   48   19   54   89   77   80   63   99   41   94   91   45   58   55   47   81   53   22   60   59   28   62   65   70   46   39   35   75   42   82   27   98   36   93    5   56   31   66   85    1   38   25   86   52   74   17   14   26   71   61   37   57   16   40   73   43   24   33   92   88   64   20   10   34   83   11   69    2   51   30   29   49   13   90   23    8   84    3   78   21   87   79   97   18   50   32   67    9    6   95    7   72   15   76   44    4   68   12    0
best path cost：6386.973983
step=204000
best path:
    0   96   48   19   54   89   77   80   63   99   41   94   91   45   58   55   47   81   53   22   60   59   28   62   65   70   46   39   35   75   42   82   27   98   36   93    5   56   31   66   85    1   38   25   86   52   74   17   14   26   71   61   37   57   16   40   73   43   24   33   92   88   64   20   10   34   83   11   69    2   51   30   29   49   13   90   23    8   84    3   78   21   87   79   97   18   50   32   67    9    6   95    7   72   15   76   44    4   68   12    0
best path cost：6386.973983
step=206000
best path:
    0   96   48   19   54   89   77   80   63   99   41   94   91   45   58   55   47   81   53   22   60   59   28   62   65   70   46   39   35   75   42   82   27   98   36   93    5   56   31   66   85    1   38   25   86   52   74   17   14   26   71   61   37   57   16   40   73   43   24   33   92   88   64   20   10   34   83   11   69    2   51   30   29   49   13   90   23    8   84    3   78   21   87   79   97   18   50   32   67    9    6   95    7   72   15   76   44    4   68   12    0
best path cost：6386.973983
step=208000
best path:
    0   96   48   19   54   89   77   80   63   99   41   94   91   45   58   55   47   81   53   22   60   59   28   62   65   70   46   39   35   75   42   82   27   98   36   93    5   56   31   66   85    1   38   25   86   52   74   17   14   26   71   61   37   57   16   40   73   43   24   33   92   88   64   20   10   34   83   11   69    2   51   30   29   49   13   90   23    8   84    3   78   21   87   79   97   18   50   32   67    9    6   95    7   72   15   76   44    4   68   12    0
best path cost：6386.973983
step=210000
best path:
    0   96   48   19   54   89   77   80   63   99   41   94   91   45   58   55   47   81   53   22   60   59   28   62   65   70   46   39   35   75   42   82   27   98   36   93    5   56   31   66   85    1   38   25   86   52   74   17   14   26   71   61   37   57   16   40   73   43   24   33   92   88   64   20   10   34   83   11   69    2   51   30   29   49   13   90   23    8   84    3   78   21   87   79   97   18   50   32   67    9    6   95    7   72   15   76   44    4   68   12    0
best path cost：6386.973983
step=212000
best path:
    0   96   48   19   54   89   77   80   63   99   41   94   91   45   58   55   47   81   53   22   60   59   28   62   65   70   46   39   35   75   42   82   27   98   36   93    5   56   31   66   85    1   38   25   86   52   74   17   14   26   71   61   37   57   16   40   73   43   24   33   92   88   64   20   10   34   83   11   69    2   51   30   29   49   13   90   23    8   84    3   78   21   87   79   97   18   50   32   67    9    6   95    7   72   15   76   44    4   68   12    0
best path cost：6386.973983
step=214000
best path:
    0   96   48   19   54   89   77   80   63   99   41   94   91   45   58   55   47   81   53   22   60   59   28   62   65   70   46   39   35   75   42   82   27   98   36   93    5   56   31   66   85    1   38   25   86   52   74   17   14   26   71   61   37   57   16   40   73   43   24   33   92   88   64   20   10   34   83   11   69    2   51   30   29   49   13   90   23    8   84    3   78   21   87   79   97   18   50   32   67    9    6   95    7   72   15   76   44    4   68   12    0
best path cost：6386.973983
step=216000
best path:
    0   96   48   19   54   89   77   80   63   99   41   94   91   45   58   55   47   81   53   22   60   59   28   62   65   70   46   39   35   75   42   82   27   98   36   93    5   56   31   66   85    1   38   25   86   52   74   17   14   26   71   61   37   57   16   40   73   43   24   33   92   88   64   20   10   34   83   11   69    2   51   30   29   49   13   90   23    8   84    3   78   21   87   79   97   18   50   32   67    9    6   95    7   72   15   76   44    4   68   12    0
best path cost：6386.973983
step=218000
best path:
    0   96   48   19   54   89   77   80   63   99   41   94   91   45   58   55   47   81   53   22   60   59   28   62   65   70   46   39   35   75   42   82   27   98   36   93    5   56   31   66   85    1   38   25   86   52   74   17   14   26   71   61   37   57   16   40   73   43   24   33   92   88   64   20   10   34   83   11   69    2   51   30   29   49   13   90   23    8   84    3   78   21   87   79   97   18   50   32   67    9    6   95    7   72   15   76   44    4   68   12    0
best path cost：6386.973983
step=220000
best path:
    0   96   48   19   54   89   77   80   63   99   41   94   91   45   58   55   47   81   53   22   60   59   28   62   65   70   46   39   35   75   42   82   27   98   36   93    5   56   31   66   85    1   38   25   86   52   74   17   14   26   71   61   37   57   16   40   73   43   24   33   92   88   64   20   10   34   83   11   69    2   51   30   29   49   13   90   23    8   84    3   78   21   87   79   97   18   50   32   67    9    6   95    7   72   15   76   44    4   68   12    0
best path cost：6386.973983
step=222000
best path:
    0   96   48   19   54   89   77   80   63   99   41   94   91   45   58   55   47   81   53   22   60   59   28   62   65   70   46   39   35   75   42   82   27   98   36   93    5   56   31   66   85    1   38   25   86   52   74   17   14   26   71   61   37   57   16   40   73   43   24   33   92   88   64   20   10   34   83   11   69    2   51   30   29   49   13   90   23    8   84    3   78   21   87   79   97   18   50   32   67    9    6   95    7   72   15   76   44    4   68   12    0
best path cost：6386.973983
step=224000
best path:
    0   96   48   19   54   89   77   80   63   99   41   94   91   45   58   55   47   81   53   22   60   59   28   62   65   70   46   39   35   75   42   82   27   98   36   93    5   56   31   66   85    1   38   25   86   52   74   17   14   26   71   61   37   57   16   40   73   43   24   33   92   88   64   20   10   34   83   11   69    2   51   30   29   49   13   90   23    8   84    3   78   21   87   79   97   18   50   32   67    9    6   95    7   72   15   76   44    4   68   12    0
best path cost：6386.973983
step=226000
best path:
    0   96   48   19   54   89   77   80   63   99   41   94   91   45   58   55   47   81   53   22   60   59   28   62   65   70   46   39   35   75   42   82   27   98   36   93    5   56   31   66   85    1   38   25   86   52   74   17   14   26   71   61   37   57   16   40   73   43   24   33   92   88   64   20   10   34   83   11   69    2   51   30   29   49   13   90   23    8   84    3   78   21   87   79   97   18   50   32   67    9    6   95    7   72   15   76   44    4   68   12    0
best path cost：6386.973983
step=228000
best path:
    0   96   48   19   54   89   77   80   63   99   41   94   91   45   58   55   47   81   53   22   60   59   28   62   65   70   46   39   35   75   42   82   27   98   36   93    5   56   31   66   85    1   38   25   86   52   74   17   14   26   71   61   37   57   16   40   73   43   24   33   92   88   64   20   10   34   83   11   69    2   51   30   29   49   13   90   23    8   84    3   78   21   87   79   97   18   50   32   67    9    6   95    7   72   15   76   44    4   68   12    0
best path cost：6386.973983
step=230000
best path:
    0   96   48   19   54   89   77   80   63   99   41   94   91   45   58   55   47   81   53   22   60   59   28   62   65   70   46   39   35   75   42   82   27   98   36   93    5   56   31   66   85    1   38   25   86   52   74   17   14   26   71   61   37   57   16   40   73   43   24   33   92   88   64   20   10   34   83   11   69    2   51   30   29   49   13   90   23    8   84    3   78   21   87   79   97   18   50   32   67    9    6   95    7   72   15   76   44    4   68   12    0
best path cost：6386.973983
step=232000
best path:
    0   96   48   19   54   89   77   80   63   99   41   94   91   45   58   55   47   81   53   22   60   59   28   62   65   70   46   39   35   75   42   82   27   98   36   93    5   56   31   66   85    1   38   25   86   52   74   17   14   26   71   61   37   57   16   40   73   43   24   33   92   88   64   20   10   34   83   11   69    2   51   30   29   49   13   90   23    8   84    3   78   21   87   79   97   18   50   32   67    9    6   95    7   72   15   76   44    4   68   12    0
best path cost：6386.973983
step=234000
best path:
    0   96   48   19   54   89   77   80   63   99   41   94   91   45   58   55   47   81   53   22   60   59   28   62   65   70   46   39   35   75   42   82   27   98   36   93    5   56   31   66   85    1   38   25   86   52   74   17   14   26   71   61   37   57   16   40   73   43   24   33   92   88   64   20   10   34   83   11   69    2   51   30   29   49   13   90   23    8   84    3   78   21   87   79   97   18   50   32   67    9    6   95    7   72   15   76   44    4   68   12    0
best path cost：6386.973983
step=236000
best path:
    0   96   48   19   54   89   77   80   63   99   41   94   91   45   58   55   47   81   53   22   60   59   28   62   65   70   46   39   35   75   42   82   27   98   36   93    5   56   31   66   85    1   38   25   86   52   74   17   14   26   71   61   37   57   16   40   73   43   24   33   92   88   64   20   10   34   83   11   69    2   51   30   29   49   13   90   23    8   84    3   78   21   87   79   97   18   50   32   67    9    6   95    7   72   15   76   44    4   68   12    0
best path cost：6386.973983
step=238000
best path:
    0   96   48   19   54   89   77   80   63   99   41   94   91   45   58   55   47   81   53   22   60   59   28   62   65   70   46   39   35   75   42   82   27   98   36   93    5   56   31   66   85    1   38   25   86   52   74   17   14   26   71   61   37   57   16   40   73   43   24   33   92   88   64   20   10   34   83   11   69    2   51   30   29   49   13   90   23    8   84    3   78   21   87   79   97   18   50   32   67    9    6   95    7   72   15   76   44    4   68   12    0
best path cost：6386.973983
step=240000
best path:
    0   96   48   19   54   89   77   80   63   99   41   94   91   45   58   55   47   81   53   22   60   59   28   62   65   70   46   39   35   75   42   82   27   98   36   93    5   56   31   66   85    1   38   25   86   52   74   17   14   26   71   61   37   57   16   40   73   43   24   33   92   88   64   20   10   34   83   11   69    2   51   30   29   49   13   90   23    8   84    3   78   21   87   79   97   18   50   32   67    9    6   95    7   72   15   76   44    4   68   12    0
best path cost：6386.973983
step=242000
best path:
    0   96   48   19   54   89   77   80   63   99   41   94   91   45   58   55   47   81   53   22   60   59   28   62   65   70   46   39   35   75   42   82   27   98   36   93    5   56   31   66   85    1   38   25   86   52   74   17   14   26   71   61   37   57   16   40   73   43   24   33   92   88   64   20   10   34   83   11   69    2   51   30   29   49   13   90   23    8   84    3   78   21   87   79   97   18   50   32   67    9    6   95    7   72   15   76   44    4   68   12    0
best path cost：6386.973983
step=244000
best path:
    0   96   48   19   54   89   77   80   63   99   41   94   91   45   58   55   47   81   53   22   60   59   28   62   65   70   46   39   35   75   42   82   27   98   36   93    5   56   31   66   85    1   38   25   86   52   74   17   14   26   71   61   37   57   16   40   73   43   24   33   92   88   64   20   10   34   83   11   69    2   51   30   29   49   13   90   23    8   84    3   78   21   87   79   97   18   50   32   67    9    6   95    7   72   15   76   44    4   68   12    0
best path cost：6386.973983
step=246000
best path:
    0   96   48   19   54   89   77   80   63   99   41   94   91   45   58   55   47   81   53   22   60   59   28   62   65   70   46   39   35   75   42   82   27   98   36   93    5   56   31   66   85    1   38   25   86   52   74   17   14   26   71   61   37   57   16   40   73   43   24   33   92   88   64   20   10   34   83   11   69    2   51   30   29   49   13   90   23    8   84    3   78   21   87   79   97   18   50   32   67    9    6   95    7   72   15   76   44    4   68   12    0
best path cost：6386.973983
step=248000
best path:
    0   96   48   19   54   89   77   80   63   99   41   94   91   45   58   55   47   81   53   22   60   59   28   62   65   70   46   39   35   75   42   82   27   98   36   93    5   56   31   66   85    1   38   25   86   52   74   17   14   26   71   61   37   57   16   40   73   43   24   33   92   88   64   20   10   34   83   11   69    2   51   30   29   49   13   90   23    8   84    3   78   21   87   79   97   18   50   32   67    9    6   95    7   72   15   76   44    4   68   12    0
best path cost：6386.973983
step=250000
best path:
    0   96   48   19   54   89   77   80   63   99   41   94   91   45   58   55   47   81   53   22   60   59   28   62   65   70   46   39   35   75   42   82   27   98   36   93    5   56   31   66   85    1   38   25   86   52   74   17   14   26   71   61   37   57   16   40   73   43   24   33   92   88   64   20   10   34   83   11   69    2   51   30   29   49   13   90   23    8   84    3   78   21   87   79   97   18   50   32   67    9    6   95    7   72   15   76   44    4   68   12    0
best path cost：6386.973983
step=252000
best path:
    0   96   48   19   54   89   77   80   63   99   41   94   91   45   58   55   47   81   53   22   60   59   28   62   65   70   46   39   35   75   42   82   27   98   36   93    5   56   31   66   85    1   38   25   86   52   74   17   14   26   71   61   37   57   16   40   73   43   24   33   92   88   64   20   10   34   83   11   69    2   51   30   29   49   13   90   23    8   84    3   78   21   87   79   97   18   50   32   67    9    6   95    7   72   15   76   44    4   68   12    0
best path cost：6386.973983
step=254000
best path:
    0   96   48   19   54   89   77   80   63   99   41   94   91   45   58   55   47   81   53   22   60   59   28   62   65   70   46   39   35   75   42   82   27   98   36   93    5   56   31   66   85    1   38   25   86   52   74   17   14   26   71   61   37   57   16   40   73   43   24   33   92   88   64   20   10   34   83   11   69    2   51   30   29   49   13   90   23    8   84    3   78   21   87   79   97   18   50   32   67    9    6   95    7   72   15   76   44    4   68   12    0
best path cost：6386.973983
step=256000
best path:
    0   96   48   19   54   89   77   80   63   99   41   94   91   45   58   55   47   81   53   22   60   59   28   62   65   70   46   39   35   75   42   82   27   98   36   93    5   56   31   66   85    1   38   25   86   52   74   17   14   26   71   61   37   57   16   40   73   43   24   33   92   88   64   20   10   34   83   11   69    2   51   30   29   49   13   90   23    8   84    3   78   21   87   79   97   18   50   32   67    9    6   95    7   72   15   76   44    4   68   12    0
best path cost：6386.973983
step=258000
best path:
    0   96   48   19   54   89   77   80   63   99   41   94   91   45   58   55   47   81   53   22   60   59   28   62   65   70   46   39   35   75   42   82   27   98   36   93    5   56   31   66   85    1   38   25   86   52   74   17   14   26   71   61   37   57   16   40   73   43   24   33   92   88   64   20   10   34   83   11   69    2   51   30   29   49   13   90   23    8   84    3   78   21   87   79   97   18   50   32   67    9    6   95    7   72   15   76   44    4   68   12    0
best path cost：6386.973983
step=260000
best path:
    0   96   48   19   54   89   77   80   63   99   41   94   91   45   58   55   47   81   53   22   60   59   28   62   65   70   46   39   35   75   42   82   27   98   36   93    5   56   31   66   85    1   38   25   86   52   74   17   14   26   71   61   37   57   16   40   73   43   24   33   92   88   64   20   10   34   83   11   69    2   51   30   29   49   13   90   23    8   84    3   78   21   87   79   97   18   50   32   67    9    6   95    7   72   15   76   44    4   68   12    0
best path cost：6386.973983
step=262000
best path:
    0   96   48   19   54   89   77   80   63   99   41   94   91   45   58   55   47   81   53   22   60   59   28   62   65   70   46   39   35   75   42   82   27   98   36   93    5   56   31   66   85    1   38   25   86   52   74   17   14   26   71   61   37   57   16   40   73   43   24   33   92   88   64   20   10   34   83   11   69    2   51   30   29   49   13   90   23    8   84    3   78   21   87   79   97   18   50   32   67    9    6   95    7   72   15   76   44    4   68   12    0
best path cost：6386.973983

