Enter File Name:
tsp200.txt
step=0
best path:
    0   73  159   10  170  115   98  178   71  146   61   20   30    7  130  137   94  157  132  151   58   17   97   37    4  167   66  153   70   63  160  192  117  102  166   44    5   95   56  134  171   84  139   85   48  158   34   25   22  177  128  186  188   13   69  164   64   82   81  197  174  154   39  125  163   74   14  140   54   79  152  193   52  110   47  141  133  180   24   86  109  156  143  145  187  176  179  169  112   62   76   59  118  103  144   92  126  147    3  138    9  149   90   46  131  124   21  100  196   72  172   43  123    8   91   45  161  116  182  105   88  190  119   96  108   75  101   36   11   27   12   31   93   33   32   57    1  168  113   23   60    6  136  185  106   29    2   55  195  173  104   67   65   18   89  199  198  194  114   40  121   77   51  155   68  148   50   80  127  162   19  120   83  184   99  122  135   42   53  175   26  142  165  181  183   28  129  150   35   15  107   87   78  191  111   49   38  189   41   16    0
best path cost：151673.136124
step=2000
best path:
    0   47   37  110   39   58  171    4    7   16  122   53  152  118   55   99   94  163  138   46  153   85   60   35   12   11  157   74  190   86    1   34   76  123  117  177  172   43   50   26  129  100  101  130  119  186    5   28   81  166  148  185   41   92   52   18   21   90  121  125   19  120  140   31  160    2   45  189   32   66  147   29  187   23  193  184   36  149  131  195  191  194  181  170  196    3   88   10  135  126  144   67  167   78   68  104   98  178   71  142  103   70   65   20   59   96  143   54   79  168   30   73   84  112  107   48  134  136   57  109   14   97   63   64  188  156  145  146   61  169   89  124  198  179   27   33   17  116   62  162  155    9   77  111   40  128  141  132    6   87   24   72   93  183   56  182  159  105  175   69  154  133  139   83   13   25   22  161  150  127   95  164  114   80  102   38   51  113  173  106    8  108  165   44  192  115   49  151   15  197   82  176   91  180   75   42  137  199  158  174    0
best path cost：24034.139432
step=4000
best path:
    0   47   35  106    8   12  154  182  144   67  167   86    1  142  103   70  102  179   27  157   74  190  177  172   43   91  180   75   13  146   61   45   88   92   34   95  143   54   79   55   99  107   48  193  184   36  149   32   66   38   51  150   65   20   59   26   73   25   22  160  168  123   69  161   31   96   60  105  113   84  117  194  181    5   28   18  120  140  164  114   80  100  134  136  147    4    7   11  162   62   76  155  127  187   29   15  121  186  159  175    6   53  152   46   50  129  171   78   68   19  185  104    2   97   63  126   21  131   98   57  109  122   30  195  191  101    3   90  132  125  148   14  170  196    9   77  111   71  178  119  130   39   58  118   40  128  141   94  163  138   64  133  139   83   23  188  156  145  153   85  112  165   16  183  108   44  192  115   56  169   89  124  198   37  110   49  151  189   81  166   52   41   10  135  173   87   24   72   93   33   17  116  197   82  176   42  137  199  158  174    0
best path cost：21153.002336
step=6000
best path:
    0   47   35  106    8   12  154  182   39  197   82  112  165   16   34   95  143   54   79   73   25   22   81   52    9   37  110  175  127  187   29    2  128  166  105   26  125  173   87   24   72  141   33   17  171   78    5   28   40  158   99  159  113   58  118   68   19   84  130   90  104  185   30   65  129   13  132  186  179   27  157   74   64   59   20  195  191  101    3  107   48  193  184   36  149   32   18  120  140   50   55  117  194  181  123   69  161   31  178  119   93  146   61   45   88   92   66   94  163  138  102  116  160  168  126  183  108   44  192  115   42  137  199  176   96   60  144  148   14  124  198   49  151  189   97   63   77  111   71   46   56  169   89   41   10  135   67  167   86    1  142   91  180   75  103   70   15  121  190  177  172   43   38   51  150  164  114   80  100  134  136  147    4    7   11  162   62   76  155    6   53  152   21  131   98   57  109  122  170  196  133  139   83   23  188  156  145  153   85  174    0
best path cost：18779.646393
step=8000
best path:
    0   47  120  140   50   55  117  194   18   35  106    8   12  154  133  139   83   23  188  156  145  153   85  182   96   60  144  126   43   38  179  183  108   44  192  115   42  137  199  176  124  198   49  151   51  186  132   14  148   27  157   74   64   59   20  195  191  101    3   39  147   58  118   68   19   84  130  162   62   76  155    6  197   82  112    4    7   11   26  129  125  173   87   24   15  121  190  177  172  150  105  175  127  187   29    2  128  166  164  114   80  100  134  136   53  152   13  107   48  193  165   16   34   95  143   54   79   73   25   22   81   52    9   37  110   72  141   33   17  171   78    5   28   40  158   99  159  113   90  104  185   30   65  184   36  149   32  181  123   69  161   31  178  119   93  146   61   45   88   92   66   94  163  138  102  116  160  168   77   97   63  189  111   71   46   56  169   89   41   10  135   67  167   86    1  142   91  180   75  103   70   21  131   98   57  109  122  170  196  174    0
best path cost：16901.513624
step=10000
best path:
    0   47   58   69  161   31  178  119   93   50   55  117  194   18   35  106    8   12  135   96   60  144  139   83   23  188  156  145  153   85  182   49  151   51  186  132  118   68   19   84  130  162   62   76  155    6  197   82  112    4    7   11  121  190  179  183   30   65   26   15  124  198  120  140  108   44  192  115   42  137  199  176   77   97   63   32  181  126   43   38   67  167   86    1  142   91  180  154  133  129  125  173   87   24  102  116  160  168   57  109  122  170  196  174  193  165   16   34   95  143   54   79   73   25   22   81   13  107   48  184   36  149  123   14  148   27  157   74   64   59   20  195  191  101    3   39  147  177  172  150  105  175  127  187   29    2  128  166  164  114   80  100  134  136   53  152   52    9   37  110   72  141   33   17  171   78    5   28   40  158   99  159  113   90  104  185  146   61   45   88   92   66   94  163  138  189  111   71   46   56  169   89   41   10   75  103   70   21  131   98    0
best path cost：17124.407649
step=12000
best path:
    0   47   78    5   28   40  158   99   62   76  155    6  178  119   93  153  194   18   26   15  124  198  120   73   25   22   81   13   85  182   49  151  117  107   48  184   36   82  197  123  112  159  113   90  104  189  111   71   46   56  149  160  168   57  109  122  170  196   31   50   55   69  161  169   89   41   88   45  146   61  185   10   92   58  174  128  166  164  114   80  100  134  136   53  152   52   17  171  116  139   83   23  188  156  145  129  140  108   44  192  125  173   87   24  102  132  118   68   19   84  130  162    4    7   11  179  183   30   65   86    1  142   91  180  115   42  137  199  176   77   97   63   32  181   67   43   38  126  167   35  106    8   12  135  193  165   16   34   95  143   96   60  144   51  186  121  190  154  133   54   79   14  148   27  157   74   64   59   20  195  191  101    3  177  147   39  172  150  105  175  127  187   29    2    9   37  110   72  141   33   66   94  163  138   75  103   70   21  131   98    0
best path cost：16218.315740
step=14000
best path:
    0   47   78    5   28   25   22   81   13   85  182   49  151  107   48  184   36  189   41   88   45  111   71   46   56  118   68   19   84  130  162    4    7   99   62   76  155  117   44  192  125  173   87   24  102   50   55   26   15  124  116  139   83    6  178  119   93  153  194  112  159   34   90  104  113   95  143   96  198  120   73  129  140  108   18   82  197  123   11  179  181   40  158   32   69   92   58  174  128  166  164  114  156   23  188   80  145  132  161  169  146   61  100  134  136   53  152   52   17  171   67   43   38  126  167   35  106    8   12  135  193  165   16  149  160  168   57  109  122  170  196   31   89  185   10  183   30   65   86    1  142   91  180  115   42  137  199  176   77   97   63   60  144   51  186  121  190  154  133   54   79   14  148   27  157   74   64   59   20  195  191  101    3  177  147   39  172  150  105  175  127  187   29    2    9   37  110   72  141   33   66   94  163  138   75  103   70   21  131   98    0
best path cost：15457.526705
step=16000
best path:
    0   47   78    5  113   95   54   79   14  143   96  195  191  101  100  134  136   53  152   52   17    3  177  147   39  172   21   70   75  103  138  150   26   15  124  116  139   83    6  178  119   93  153  194  127  187   29    2  105  175    9   37  110   72  141   33   66   94  163   28   25   22   81   13   85  182   49  151  107   48  184   36  189   41   88   45  111   71   46   56  118   68   19   84  130  162    4    7   99   62   76  155  117   44  192  125  173   87   24  102   50   55  112  159   34   90  104  198  120   73  129  140  108   18   82  197  123   11  179  181   40  158   32   69   92   58  174  128  166  164  114  156   23  188   80  145  132  161  169  146   61  171   67   43   38  126  167   35  106    8   12  135  193  165   16  149  160  168   57  109  122  170  196   31   89  185   10  183   30   65   86    1  142   91  180  115   42  137  199  176   77   97   63   60  144   51  186  121  190  154  133  148   27  157   74   64   59   20  131   98    0
best path cost：15167.114667
step=18000
best path:
    0   47   78   25   22   81   13   85  182   49  151  107   48   56  118   68   19   84    6  178  119   66   94  163  130   90  104  198    5   93  162    4    7   99   44  192  125   50   55  112  159   34  153  194  127  187   29    2  105  175    9   37  110   62   76  155  117   72  141  173   87  184   36  189   41   88   45  111   71   46   24  102   33  199  176   77   97   63   60  144   51  186  121  190  113   95   54   79   14  143   96  195  191  101  100  134  136   53  152   52   17    3  177  147   39  172   21   70   75  103  138  150   26   15  124  116  139   83   28  120   73  129  140  108   18   82  197  123   11  179  181   40  158   32   69   92   58  174  128  166  164  114  156   23  188   80  145  132  161  169  146   61  171   67   43   38  126  167   35  106    8   12  135  193  165   16  149  160  168   57  109  122  170  196   31   89  185   10  183   30   65   86    1  142   91  180  115   42  137  154  133  148   27  157   74   64   59   20  131   98    0
best path cost：14920.518841
step=20000
best path:
    0   47   78   25   22   81  116   24  102   26   15  124  113   95  150  139   83   28   67   43   62   76  155  117   38  126  167   35  106    8   12  135   33  120   73   54   79  100  134  136   53  152   52  105  175    9  199  189   41   88   45  111   71   46   97   32   69   92  176   77   63   60  144   51   18   82  197  123   11  179  181   40  158  186  121  190  129  140  108  170  196   31   17    3  177  147   39  172   21   70   75  103  138   14  143   96  195  191  101   13   85  182   49  151  107   48   56  118   68   19   84    6  178  119   66   94  163  130   90  104  198    5   93  162    4    7   99   44  192  125   50   55  112  159   34  153  194  127  187   29    2   37  110   72  141  173   87  184   36   58  174  128  166  164  114  156   23  188   80  145  132  161  169  146   61  171  193  165   16  149  160  168   57  109  122   89  185   10  183   30   65   86    1  142   91  180  115   42  137  154  133  148   27  157   74   64   59   20  131   98    0
best path cost：13631.595165
step=22000
best path:
    0   47   78   25   22   81  125   50   55  112  159   34  153  194  127  187   23  188   80  171  193  165   16  149  160  168   57  109  122   89  185   74   73   54   79  100  134   46   97   32   69   92  176   77   63  116   24  102   26   15   10  142   91  180  115   42  137  154  133  148   27  157  124  113   29    2   37  110   53  152   52  105  175    9  199  189   41   88   72  136   45  111   71  183   30   65   86    1  141  173   87  184   36   58  174  128  166  164  114  156   95  150  139   83   28   67   43   62   76  155  117   38  126  167   35  106    8   12  135   33  120   60  144   51   18   82  197  123   11  179  181   40  158  186  121  190  129  140  108  170  196   31   17    3  177  147   39  172   21   70   75  103  138   14  143   96  195  191  101   13   85  182   49  151  107   48   56  118   68   19   84    6  178  119   66   94  163  130   90  104  198    5   93  162    4    7   99   44  192  145  132  161  169  146   61   64   59   20  131   98    0
best path cost：13498.724270
step=24000
best path:
    0   47   78   25   22   81  125   50   26   15  157  124  113   29    2   37  110   53  152   52  105  175    9  199  189   41   10  181   40   71   45  111  158  183   30  112  159   55  168   57  109  122   89  185   74   73  191  101   13   85  182   94  163  130  197  123   11   90  104  198    5   93  162    4    7   99   44  192  145  132  161  169  179   34   49  151  107   48   56  118   68   19   84    6  178  119   66  153  194  190  129  142   91  180  115   42  137  154  133  148   27   54   79  100  134   46   97   32  127  187   23  188   80  171  193  165   16  149  160   69   92  176   77   63  116   24  102   88   72  136   65   86    1  141  173   87  184   36   58  174  128  166  164  114  156   95  150  139   83   28   67   43   62   76  155  117   38  126  167   35  106    8   12  135   33  120   60  144   51   18   82  186  121  140  108  170  196   31   17    3  177  147   39  172   21   70   75  103  138   14  143   96  195  146   61   64   59   20  131   98    0
best path cost：13737.731349
step=26000
best path:
    0   47   78   25   22   81   45  135  157  160   69   24   58   92   73  191  101   13   67   43   62   76  155  176   77   63  116    5  166  128  117   26   99   29    9  199  149   86    1  174   38   70   66  153  194  102   88   72  113   55  189   41   10    2   37  110   85  182   94  163  130  197  123   11   90  104   46   97   32  127  187   23  188   80  198  124  118   68   19   84    6  154  133  148   27   54   79  100  134  168   57  109   15   50  129  125  161  145  132  121   93   44  192  164  114  156   95  150  139   83   28  178  119  190   91  180  115   42  137   48   56  169  179  142  162    4    7  136   65   33  120   60  144   51   18   82  186   53  152   52   30  112  159   34  105  175  181   40   71  111  158  183   49  151  107  126  167   35  106    8   12  140  108  170  196   31   17    3  177  147   39  172   21  122   89  185   74  171  193  165   16  141  173   87  184   36   75  103  138   14  143   96  195  146   61   64   59   20  131   98    0
best path cost：13377.141436
step=28000
best path:
    0   47   38   70  122   89  185   74  171  193  165   16   93   95  150  139   83  141  173   87  184   36   75  103  138  190   91  180  115   42  137  134  168   57  109   15   50  129   14   66  153  194  102   44  192  164  114  156   73  191  101  100  128  117  199  142  162    4    7  136   26   99   29    9  188   80  198  124  118   68   19   84    6  154  133  148   27   54   79  169  179   65  105  175  181   40   71  111  158  183   49  151  135  157  160   69   62   76  155  176   78   25   22   81   45  161  145  132  121   28  178  119   48   56   13   67   43  125   77   63  116    5  166   86    1  174   88   72  113   55  189   41   10    2   24   58   92  149   37  110   85  182   94  163  130  197  123   11   90  104   46   97   32  127  187   23   33  120   60  144   51   18   82  186   53  152   52   30  112  159   34  107  126  167   35  106    8   12  140  108  170  196   31   17    3  177  147   39  172   21  143   96  195  146   61   64   59   20  131   98    0
best path cost：13280.311614
step=30000
best path:
    0   47   30  112  159   34  107   70  122   89  185  151  135  157  160   69   62   76  155  176   78   25   22   81   45   74  171  193  165   16   93   95  150  121   28   38  103  138   14   55  189   41   10    2   24   58   66  153  194  102   44  192  117  164  114  156   73  191  101  100  128  199  190   91  180  115   42  137  134  168   53  152   52  178  119   48   56   13   67   43  139   83  141  173   87  184   36   75   57  109   15   50  129  142  162    4    7  136   26   99   29    9  188   80  198  124  118   68   19   84    6  154  133  148   27   54   79  169  179   65  105  175  181   40   71  111  158  183   49  161  145  132  125   77   63  116    5  166   86    1  174   88   72  113   92  149   37  110   85  182   94  163  130  197  123   11   90  104   46   97   32  127  187   23   33  120   60  144  126  186   82   18   51  167   35  106    8   12  140  108  170  196   31   17    3  177  147   39  172   21  143   96  195  146   61   64   59   20  131   98    0
best path cost：12892.162914
step=32000
best path:
    0   47   30  112  159   34  107   48   67   21  143   96   43   38  103  138   15   50  129  142  162    4    7  136   26  185  151  135  157  160   69   56   13   22   81   45   74  171  193  165   16   93   95  150  121   28  139   83  141  173   87  184   36   75   57  109   70  133  148   27   54   79  169  179   65  105  175  122   89   62   76  155  176   78   25   14   55  189   41   10    2   24   58   66  153  194  102   44  192  117  164  114  156   73  191  101  100  128  199  190   91  180  115   42  137  134  168   53  152   52  178  119   99   29    9  188   80  198  124  118   68   19   84    6  154  181   40   71  111  158  183   49  161  145  132  125   77   63  116    5  166   86    1  174   88   72  113   92  149   37  110   85  182   94  163  130  197  123   11   90  104   46   97   32  127  187   23   33  120   60  144  126  186   82   18   51  167   35  106    8   12  140  108  170  196   31   17    3  177  147   39  172  195  146   61   64   59   20  131   98    0
best path cost：12471.705921
step=34000
best path:
    0  175  176   78   25   14   29  102    5  166   86    1  174   88   72   43  159   34   24   58  149  179   65  154   47   95  150   55  142    4    7  136   44  192   48   51  167   35  106   52   82   18   70   73  191  101  100   50  129   66   80   21  143   96  135  164  114  156   93  121  117    8   12  189   41   10    2   90  104   46   97   32   75   57   67  186  188  109  113   30   99   38  103  138   15   92  122   89   62   76  155  169   77   63  116  107  151    9  124  118   68   19   84    6   49  161  145  132  125  162   28  105   26  198  153  194  185  157  160   69   56   13   22   81   45   74  171  193  165   16  181  139   83  141  173   87  184   36  133  148   27   54   79  112  128  199  190   91  180  115   42  137  134  168   53  152  178  119   40   71  111  158  183   37  110   85  182   94  163  130  197  123   11  127  187   23   33  120   60  144  126  140  108  170  196   31   17    3  177  147   39  172  195  146   61   64   59   20  131   98    0
best path cost：12052.704938
step=36000
best path:
    0   47   95  150   56   13   22   81   45   74  171   51  167   35    8   12   28  105  175  176   78   25   14   29  102   85  182   94  163  130  197  123   11  127  187   23  113  193  165   16  181  139   83  141  173   92  122   89   62   76  155  169   77   63  116  121  117   30   99   87  184   36  133   55   26  189   41   10    2   90  104   46   97   32   75   57   67  186  188  109  198  153  194  185  157  160   69   49  161  145  132  125  162    5  166   86    1  174   88   72   43  159   34   24   58  149  179   65  154  142    4    7  136   44  192   48  106   52   82   18   70   73  191  101  100   50  129   66   80   21  143   96  135  164  114  156   93   38  103  138   15  107  151    9  124  118   68   19   84    6  148   27   54   79  112  128  199  190   91  180  115   42  137  134  168   53  152  178  119   40   71  111  158  183   37  110   33  120   60  144  126  140  108  170  196   31   17    3  177  147   39  172  195  146   61   64   59   20  131   98    0
best path cost：11653.368815
step=38000
best path:
    0   47   95  150   56   13   22   81   45  199  190   91  180  115   42  137  134   30   99  188  109  198  153  194  185   87  184   36  133   55   26  189   41   10    2   90  104   46   97   32   75   57   67  186   74  171   51  167   35    8   12   28  105  175  176   78   25   14   29  102   85  182   94  163  130  197  123   11  127  187   23  113  193  165   16  181  139   83  141  173   92  122   89   62   76  155  169   77   63  116  121  117  157  160   69   49  161  145  132  125  162    5  166   86    1  174   88   72   43  159   34   24   58  149  179   65  154  142    4    7  136   44  192   48  106   52   82   18   70   73  191  101  100   50  129   66   80   21  143   96  135  164  114  156   93   38  103  138   15  107  151    9  124  118   68   19   84    6  148   27   54   79  112  128  168   53  152  178  119   40   71  111  158  183   37  110   33  120   60  144  126  140  108  170  196   31   17    3  177  147   39  172  195  146   61   64   59   20  131   98    0
best path cost：11639.177874
step=40000
best path:
    0   47   95  150   56   13   22   81   45  199  190   91  180  115   42  137  134  145   30  118   68   19   84    6  148   27   54   79  112  128  135  164  114  156   93   38  103  138   15  107  151    9  124   99  188  109  198  153  194  185   87  184   36  133   55   26  189   41   10    2   90  104   46   97   32   75   57   67  186   74  171   51  167   35    8   12   28  105  175  176   78   25   14   29  102   85  182   94  163  130  197  123   11  127  187   23  113  193  165   16  181  139   83  141  173   92  122   89   62   76  155  169   77   63  116  121  117  157  160   69   49  161  132  125  162    5  166   86    1  174   88   72   43  159   34   24   58  149  179   65  154  142    4    7  136   44  192   48  106   52   82   18   70   73  191  101  100   50  129   66   80   21  143   96  168   53  152  178  119   40   71  111  158  183   37  110   33  120   60  144  126  140  108  170  196   31   17    3  177  147   39  172  195  146   61   64   59   20  131   98    0
best path cost：11631.110454
step=42000
best path:
    0   47   95  150   56   13   22   81  132  125  162    5  166   86    1  174   88   72   43  159   34   24   58  149  179   45  199  190   91  180  115   42  137  134  145   30  118   68   19   84    6  148   27   54   79  112  128  135  164  114  156   93   38  103  138   15  107  151    9  124   99  188  109  198  153  194  185   87  184   36  133   55   26  189   41   10    2   90  104   46   97   32   75   57   67  186   74  171   51  167   35    8   12   28  105  175  176   78   25   14   29  102   85  182   94  163  130  197  123   11  127  187   23  113  193  165   16  181  139   83  141  173   92  122   89   62   76  155  169   77   63  116  121  117  157  160   69   49  161   65  154  142    4    7  136   44  192   48  106   52   82   18   70   73  191  101  100   50  129   66   80   21  143   96  168   53  152  178  119   40   71  111  158  183   37  110   33  120   60  144  126  140  108  170  196   31   17    3  177  147   39  172  195  146   61   64   59   20  131   98    0
best path cost：11615.743372
step=44000
best path:
    0   47   95  150   56   13   22   81  113  193  165   16  181  139   83  141  173   92  122  148   27   54   79  112  128  135  132  125  162    5  166   86    1  174   88   72   43  159   34   24   58  149  179   45  199  190   91  180  115   42  137  134  145   30  118   68   19   84    6  164  114  156   93   38  103  138   15  107  151    9  124   99  188  109  198  153  194  185   87  184   36  133   55   26  189   41   10    2   90  104   46   97   32   75   57   67  186   74  171   51  167   35    8   12   28  105  175  176   78   25   14   29  102   85  182   94  163  130  197  123   11  127  187   23   89   62   76  155  169   77   63  116  121  117  157  160   69   49  161   65  154  142    4    7  136   44  192   48  106   52   82   18   70   73  191  101  100   50  129   66   80   21  143   96  168   53  152  178  119   40   71  111  158  183   37  110   33  120   60  144  126  140  108  170  196   31   17    3  177  147   39  172  195  146   61   64   59   20  131   98    0
best path cost：11529.720119
step=46000
best path:
    0   47   95  150   56   13   22   81  113  193  165   16  181  139   83  141  173   92  122  148   27   54   79  112  128  135  132  125  162    5  166   86    1  174   88   72   43  159   34   24   58  149  179   45  199  190   91  180  115   42  137  134  145   30  118   68   19   84    6  164  114  156   93   38  103  138   15  107  151    9  124   99  188  109  198  153  194  185   87  184   36  133   55   26  189   41   10    2   90  104   46   97   32   75   57   67  186   74  171   51  167   35    8   12   28  105  175  176   78   25   14   29  102   85  182   94  163  130  197  123   11  127  187   23   89   62   76  155  169   77   63  116  121  117  157  160   69   49  161   65  154  142    4    7  136   44  192   48  106   52   82   18   70   73  191  101  100   50  129   66   80   21  143   96  168   53  152  178  119   40   71  111  158  183   37  110   33  120   60  144  126  140  108  170  196   31   17    3  177  147   39  172  195  146   61   64   59   20  131   98    0
best path cost：11529.720119
step=48000
best path:
    0   47   95  150   56   13   22   81  113  193  165   16  181  139   83  141  173   92  122   91  180  115   42  137  134  145  178  119   40   71  111  158  183   37  110   33  120  182   94  163  130  197  123   11  148   27   54   79  112  128  135  132  125  162    5  166   86    1  174   88   72   43  159   34   24   58  149  179   45  199  190   30  118   68   19   84    6  164  114  156   93   38  103  138   15  107  151    9  124   99  188  109  198  153  194  185   87  184   36  133   55   26  189   41   10    2   90  104   46   97   32   75   57   67  186   74  171   51  167   35    8   12   28  105  175  176   78   25   14   29  102   85  127  187   23   89   62   76  155  169   77   63  116  121  117  157  160   69   49  161   65  154  142    4    7  136   44  192   48  106   52   82   18   70   73  191  101  100   50  129   66   80   21  143   96  168   53  152   60  144  126  140  108  170  196   31   17    3  177  147   39  172  195  146   61   64   59   20  131   98    0
best path cost：11435.612468
step=50000
best path:
    0   47   95  150   56   13   22   81  113  193  165   44  192   48  106   52   82   18   70   73  191  101  100   50  129   66   80   21   16  181  139   83  141  173   92  122   91  180  115   42  137  134  145  178  119   40   71  111  158  183   37  110   33  120  182   94  163  130  197  123   11  148   27   54   79  112  128  135  132  125  162    5  166   86    1  174   88   72   43  159   34   24   58  149  179   45  199  190   30  118   68   19   84    6  164  114  156   93   38  103  138   15  107  151    9  124   99  188  109  198  153  194  185   87  184   36  133   55   26  189   41   10    2   90  104   46   97   32   75   57   67  186   74  171   51  167   35    8   12   28  105  175  176   78   25   14   29  102   85  127  187   23   89   62   76  155  169   77   63  116  121  117  157  160   69   49  161   65  154  142    4    7  136  143   96  168   53  152   60  144  126  140  108  170  196   31   17    3  177  147   39  172  195  146   61   64   59   20  131   98    0
best path cost：11390.510946
step=52000
best path:
    0   47   95  150  159   34   24   58  149  179   45  199  190   30  118   12   28  105  175  176   78   25   14   56   13   22   81  113  193  165   44  192   48   68   19   84    6  164  114  156   93   35    8  106   52   82   18   70   73  191  101  100   50  129   66   80   21   16  181  139   83  141  173   92  122   91  180  115   42  137  134  145  178  119   40   71  111  158  183   37  110   33  120  182   94  163  130  197  123   11  148   27   54   79  112  128  135  132  125  162    5  166   86    1  174   88   72   43   38  103  138   15  107  151    9  124   99  188  109  198  153  194  185   87  184   36  133   55   26  189   41   10    2   90  104   46   97   32   75   57   67  186   74  171   51  167   29  102   85  127  187   23   89   62   76  155  169   77   63  116  121  117  157  160   69   49  161   65  154  142    4    7  136  143   96  168   53  152   60  144  126  140  108  170  196   31   17    3  177  147   39  172  195  146   61   64   59   20  131   98    0
best path cost：11385.062220
step=54000
best path:
    0   47   95  150  159   34   24   16  181   58  149  179   45  199  190   30  118  193  165   44  192   48   68   19   84    6  164   12   28  105  175  176   78   25   14   56   13   22   81  113  114  156   93   35    8  106   52   82   18   70   73  191  101  100   50  129   66   80   21  139   83  141  173   92  122   91  180  115   42  137  134  145  178  119   40   71  111  158  183   37  110   33  120  182   94  163  130  197  123   11  148   27   54   79  112  128  135  132  125  162    5  166   86    1  174   88   72   43   38  103  138   15  107  151    9  124   99  188  109  198  153  194  185   87  184   36  133   55   26  189   41   10    2   90  104   46   97   32   75   57   67  186   74  171   51  167   29  102   85  127  187   23   89   62   76  155  169   77   63  116  121  117  157  160   69   49  161   65  154  142    4    7  136  143   96  168   53  152   60  144  126  140  108  170  196   31   17    3  177  147   39  172  195  146   61   64   59   20  131   98    0
best path cost：11266.747490
step=56000
best path:
    0   47   95  150  159   34   24   16  181   58  149  179   45  199  190   30  118   78   25   14   56   13   22   81  113  114  156   93   35    8  106   52   82   18  193  165   44  192   48   68   19   84    6  164   12   28  105  175  176   70   73  191  101  100   50  129   66   80   21  139   83  141  173   92  122   91  180  115   42  137  134  145  178  119   40   71  111  158  183   37  110   33  120  182   94  163  130  197  123   11  148   27   54   79  112  128  135  132  125  162    5  166   86    1  174   88   72   43   38  103  138   15  107  151    9  124   99  188  109  198  153  194  185   87  184   36  133   55   26  189   41   10    2   90  104   46   97   32   75   57   67  186   74  171   51  167   29  102   85  127  187   23   89   62   76  155  169   77   63  116  121  117  157  160   69   49  161   65  154  142    4    7  136  143   96  168   53  152   60  144  126  140  108  170  196   31   17    3  177  147   39  172  195  146   61   64   59   20  131   98    0
best path cost：11266.747490
step=58000
best path:
    0   47   95  150  159   34   24   16  116  121  117  157  160   69   49  161   65  154  142    4    7  136  143   96   26  189   41   10  110   33  120  140  108  170  196   31   17    3  177  147   39  172  181   58  149  179   45  199  190   30  133   55  182   94  163  130  197  123   11  148   27   54   79  112  128  135  132  118   78   25   14   56   13   22   81  113  114  156   93   35    8  106   52   82   18  193  165   44  192   48   68   19   84    6  164   12   28  105  175  176   70   73  191  101  100   50  129   66   80   21  139   83  141  173   92  122   91  180  115   42  137  134  145  178  119   40   71  111  158  183   37  125  162    5  166   86    1  174   88   72   43   38  103  138   15  107  151    9  124   99  188  109  198  153  194  185   87  184   36    2   90  104   46   97   32   75   57   67  186   74  171   51  167   29  102   85  127  187   23   89   62   76  155  169   77   63  168   53  152   60  144  126  195  146   61   64   59   20  131   98    0
best path cost：11097.958399
step=60000
best path:
    0   47   35    8  106   52  159   34   24   16   99  188  109  198  153  194  116   12   28   55  130  197   82   18  193   58  149  179   45  199  190   30  133  123   11  148   27   54   79  112  128  135  165   44  192  174   88   72   43   38  103  138   15  107  151    9  124  185   87  184   36    2   90  104  182   94  163  115   42  137  134  145  178  119   40   71  111  158  183   37  125  162    5  166   86    1   48   95  150  105  175  176   70   73  191  101  100   50  129   66  121  117  157  160   69   49  161   65  154  142    4    7  136  143   96   26  189   41   10  110   33  120  140  108  170  196   31   17    3  177  147   39  172  181  132  118   78   25   14   56   13   22   81  113  114  156   93   68   19   84   21  164   80    6  139   83  141  173   92  122   91  180   46   97   32   75   57   67  186   74  171   51  167   29  102   85  127  187   23   89   62   76  155  169   77   63  168   53  152   60  144  126  195  146   61   64   59   20  131   98    0
best path cost：10557.964378
step=62000
best path:
    0   47   35    8  106   52  159   34   24   16   99  188  109  198  153  194   93   68   19   84   21  164   80    9  124  185   87  184   36    2   90  104  182   94  163  115   42  137  134  116   26  189   41   10  110   33  120  140  108  170  196   12   28   55  130  197   82   18  193   58  149  179   45  199  190   30  133  123   11  148   27   54   79  112  128  135  165   44  192  174   88   72   43   38  103  138   15  107  151  145  178  119   40   71  111  158  183   37  125  162    5  166   86    1   48   95  150  105  175  176   70   73  191  101  100   50  129   66  121  117  157  160   69   49  161   65  154  142    4    7  136  143   96   31   17    3  177  147   39  172  181  132  118   78   25   14   56   13   22   81  113  114  156    6  139   83  141  173   92  122   91  180   46   97   32   75   57   67  186   74  171   51  167   29  102   85  127  187   23   89   62   76  155  169   77   63  168   53  152   60  144  126  195  146   61   64   59   20  131   98    0
best path cost：10528.641672
step=64000
best path:
    0   47   35    8  106   52  159   34   24   16   99  188  109  198  153  194   93   68   19   84   21  164   80    9  124  185   87  184   36    2   90  104  182   94  163  115   42  137  134  116   26  189   41   10  110   33  120  140  108  170  196   12   28   55  130  197   82   18  193   58  149  179   45  199  190   30  133  123   11  148   27   54   79  112  128  135  165   44  192  174   88   72   43   38  103  138   15  107  151  145  178  119   40   71  111  158  183   37  125  162    5  166   86    1   48   95  150  105  175  176   70   73  191  101  100   50  129   66  121  117  157  160   69   49  161   65  154  142    4    7  136  143   96   31   17    3  177  147   39  172  181  132  118   78   25   14   56   13   22   81  113  114  156    6  139   83  141  173   92  122   91  180   46   97   32   75   57   67  186   74  171   51  167   29  102   85  127  187   23   89   62   76  155  169   77   63  168   53  152   60  144  126  195  146   61   64   59   20  131   98    0
best path cost：10528.641672
step=66000
best path:
    0   47   35    8  106   52  159   34   24   16   99  188  109  198  153  194   93   68   19   84   21  164   80    9  124  185   87  184   36    2   90  104  182   94  163  115   42  137  134  116   26  189   41   10  110   33  120  140  108  170  196   12   28   55  130  197   82   18  193   58  149  179   45  199  190   30  133  123   11  148   27   54   79  112  128  135  165   44  192  174   88   72   43   38  103  138   15  107  151  145  178  119   40   71  111  158  183   37  125  162    5  166   86    1   48   95  150  105  175  176   70   73  191  101  100   50  129   66  121  117  157  160   69   49  161   65  154  142    4    7  136  143   96   31   17    3  177  147   39  172  181  132  118   78   25   14   56   13   22   81  113  114  156    6  139   83  141  173   92  122   91  180   46   97   32   75   57   67  186   74  171   51  167   29  102   85  127  187   23   89   62   76  155  169   77   63  168   53  152   60  144  126  195  146   61   64   59   20  131   98    0
best path cost：10528.641672
step=68000
best path:
    0   47   35    8  106   52  159   34   24   16   99  188  109  198  153  194   93   68   19   84   21  164   80    9  124  185   87  184   36    2   90  104  182   94  163  115   42  137  134  116   26  189   41   10  110   33  120  140  108  170  196   12   28   55  130  197   82   18  193   58  149  179   45  199  190   30  133  123   11  148   27   54   79  112  128  135  165   44  192  174   88   72   43   38  103  138   15  107  151  145  178  119   40   71  111  158  183   37  125  162    5  166   86    1   48   95  150  105  175  176   70   73  191  101  100   50  129   66  121  117  157  160   69   49  161   65  154  142    4    7  136  143   96   31   17    3  177  147   39  172  181  132  118   78   25   14   56   13   22   81  113  114  156    6  139   83  141  173   92  122   91  180   46   97   32   75   57   67  186   74  171   51  167   29  102   85  127  187   23   89   62   76  155  169   77   63  168   53  152   60  144  126  195  146   61   64   59   20  131   98    0
best path cost：10528.641672
step=70000
best path:
    0   47   35    8  106   52  159   34   55  130  197   82   18  193   16   99  188  109  135  165   44  192  174   88   72   43   38  103  138  198  153  194   93   68   19   84   21  164   80    9  124  185   87  184   24   36    2   90  104  182   94  163  115   42  137  134  116   26  189   41   10  110   33  120  140  108  170  196   12   28   58  149  179   45  199  190   30  133  123   11  148   27   54   79  112  128   15  107  151  145  178  119   40   71  111  158  183   37  125  162    5  166   86    1   48   95  150  105  175  176   70   73  191  101  100   50  129   66  121  117  157  160   69   49  161   65  154  142    4    7  136  143   96   31   17    3  177  147   39  172  181  132  118   78   25   14   56   13   22   81  113  114  156    6  139   83  141  173   92  122   91  180   46   97   32   75   57   67  186   74  171   51  167   29  102   85  127  187   23   89   62   76  155  169   77   63  168   53  152   60  144  126  195  146   61   64   59   20  131   98    0
best path cost：10419.020762
step=72000
best path:
    0   47   35    8  106   52  159   34   55  130  197   82   18  179   45  199  190   30  133  123   11  193   16   99  188  109  135   22   81  113  114  156    6  139   83  141  173   92  122   44  165   91  192  174   88   72   43   38  103  138  198  153  194   93   68   19   84   21  164   80    9  124  185   87  184   24   36    2   90  104  182   94  163  115   42  137  134  116   26  189   41   10  110   33  120  140  108  170  196   12   28   58  149  148   27   54   79  112  128   15  107  151  145  178  119   40   71  111  158  183   37  125  162    5  166   86    1   48   95  150  105  175  176   70   73  191  101  100   50  129   66  121  117  157  160   69   49  161   65  154  142    4    7  136  143   96   31   17    3  177  147   39  172  181  132  118   78   25   14   56   13  180   46   97   32   75   57   67  186   74  171   51  167   29  102   85  127  187   23   89   62   76  155  169   77   63  168   53  152   60  144  126  195  146   61   64   59   20  131   98    0
best path cost：10221.182759
step=74000
best path:
    0   47   30  133  123   11  188  109  135   22   81  113  157  160  118   78   25   14   56   13  180   69   49  161   65  154  142    8   35  106   52  153  194  148   27   54   79  112  128   15  107  151  145  178  119   40   71   93   68   19   84   21  164   80    9  124  185   87  184   24   36    2   44  165   91  192  174  159   34  193   16   99  144  126  195  146   61   64   59   55  130  197   82   18  179   45  199  190  114  156    6  139   83  141  173   92  122   88   72   43   38  103  138  198   90  104  182   94  163  115   42  137  134  116   26  189   41   10  110   33  120  140  108  170  196   12   28   58  149  111  158  183   37  125  162    5  166   86    1   48   95  150  105  175  176   70   73  191  101  100   50  129   66  121  117    4    7  136  143   96   31   17    3  177  147   39  172  181  132   46   97   32   75   57   67  186   74  171   51  167   29  102   85  127  187   23   89   62   76  155  169   77   63  168   53  152   60   20  131   98    0
best path cost：10031.869964
step=76000
best path:
    0   47   30  133  123   11  188  109  135   22   81  113  157  160  118   78   25   14   56   13  180   12   28   58  149  111  158  183   37  125  162    5  166   86    1   69   49  161   65  154  142    8   35  106   52  153  194  148   27   54   79  112  128   15  107  151  145  178  119   40   71   93   68   19   84   21  164   80    9  124  185   87  184   24   36    2   44  165   91  192  174  159   34  193   16   99  144  126  195  146   61   64   59   55  130  197   82   18  179   45  199  190  114  156    6  139   83  141  173   92  122   88   72   43   38  103  138  198   90  104  182   94  163  115   42  137  134  116   26  189   41   10  110   33  120  140  108  170  196   48   95  150  105  175  176   70   73  191  101  100   50  129   66  121  117    4    7  136  143   96   31   17    3  177  147   39  172  181  132   46   97   32   75   57   67  186   74  171   51  167   29  102   85  127  187   23   89   62   76  155  169   77   63  168   53  152   60   20  131   98    0
best path cost：9995.006047
step=78000
best path:
    0   47   30  133  123   11  188  109  135  159   34  193   16   99   41   10  110   33  120  140  108  170  196   48   22   81  113  157  160  185   87  184   24   36    2   44  165   91  192  174  144  126  118   78   25   14   56   13  180   12   28   58  149  111  158  183   37  125  162    5  166   86    1   69   49  161   65  154  142    8   35  106   52  153  194  148   27   54   79  112  128   15  107  151  145  178  119   40   71   93   68   19   84   21  164   80    9  124  195  146   61   64   59   55  130  197   82   18  179   45  199  190  114  156    6  139   83  141  173   92  122   88   72   43   38  103  138  198   90  104  182   94  163  115   42  137  134  116   26  189   95  150  105  175  176   70   73  191  101  100   50  129   66  121  117    4    7  136  143   96   31   17    3  177  147   39  172  181  132   46   97   32   75   57   67  186   74  171   51  167   29  102   85  127  187   23   89   62   76  155  169   77   63  168   53  152   60   20  131   98    0
best path cost：9995.006047
step=80000
best path:
    0   47   30  133  123   11  188  109  135  159   34  193   16   99   41   10  110   33  120  140  108  170  196   48   22   81  113  157  160  185   87  184   24   36    2   44  165   91  192  174  144  126  118   78   25   14   56   13  180   12   28   58  149  111  158  183   37  125  162    5  166   86    1   69   49  161   65  154  142    8   35  106   52  153  194  148   27   54   79  112  128   15  107  151  145  178  119   40   71   93   68   19   84   21  164   80    9  124  195  146   61   64   59   55  130  197   82   18  179   45  199  190  114  156    6  139   83  141  173   92  122   88   72   43   38  103  138  198   90  104  182   94  163  115   42  137  134  116   26  189   95  150  105  175  176   70   73  191  101  100   50  129   66  121  117    4    7  136  143   96   31   17    3  177  147   39  172  181  132   46   97   32   75   57   67  186   74  171   51  167   29  102   85  127  187   23   89   62   76  155  169   77   63  168   53  152   60   20  131   98    0
best path cost：9995.006047
step=82000
best path:
    0   47   30   43   38  103  138  198  164   80    9  124  195  146   61   64   90  104  182   94  163  115   42  137  134  116   26  110   33  120  140  108  170  196  133  123   11  188  109  135   12   28   58  149  111  158  183   37  125  162    5  166   86    1   69   49  161   65  159   34  193   16   99   41   10   48   22   81  113  157  160  185   87  184   24   36    2   44  165   91  192  174  144  126  118   78   25   14   56   13  180  154  142    8   35  106   52  153  194  148   27   54   79  112  128   15  107  151  145  178  119   40   71   93   68   19   84   21   59   55  130  197   82   18  179   45  199  190  114  156    6  139   83  141  173   92  122   88   72  189   95  150  105  175  176   70   73  191  101  100   50  129   66  121  117    4    7  136  143   96   31   17    3  177  147   39  172  181  132   46   97   32   75   57   67  186   74  171   51  167   29  102   85  127  187   23   89   62   76  155  169   77   63  168   53  152   60   20  131   98    0
best path cost：9978.633019
step=84000
best path:
    0   47   30   43   38  103  138  198  164   80  185   87  184   24   36    2   44  165   91  192  174  144  126    9  124  195  146   61   64   90  104  182   94  163  115   42  137  134  116   26  110   33  120  140  108  170  196  133  123   11  188  109  135   12   28   58  149  111  158  183   37  125  162    5  166   86    1   69   49  161   65  159   34  193   16   99   41   10   48   22   81  113  157  160  118   78   25   14   56   13  180  154  142    8   35  106   52  153  194  148   27   54   79  112  128   15  107  151  145  178  119   40   71   93   68   19   84   21   59   55  130  197   82   18  179   45  199  190  114  156    6  139   83  141  173   92  122   88   72  189   95  150  105  175  176   70   73  191  101  100   50  129   66  121  117    4    7  136  143   96   31   17    3  177  147   39  172  181  132   46   97   32   75   57   67  186   74  171   51  167   29  102   85  127  187   23   89   62   76  155  169   77   63  168   53  152   60   20  131   98    0
best path cost：9978.633019
step=86000
best path:
    0   47   30   43   38  103  138  198  164   80  185   87  184   24   36    2   44  165   91  192  174  144  126    9  124  195  146   61   64   90  104  182   94  163  115   42  137  134  116   26  110   33  120  140  108  170  196  133  123   11  188  109  135   12   28   58  149  111  158  183   37  125  162    5  166   86    1   69   49  161   65  159   34  193   16   99   41   10   48   22   81  113  157  160  118   78   25   14   56   13  180  154  142    8   35  106   52  153  194  148   27   54   79  112  128   15  107  151  145  178  119   40   71   93   68   19   84   21   59   55  130  197   82   18  179   45  199  190  114  156    6  139   83  141  173   92  122   88   72  189   95  150  105  175  176   70   73  191  101  100   50  129   66  121  117    4    7  136  143   96   31   17    3  177  147   39  172  181  132   46   97   32   75   57   67  186   74  171   51  167   29  102   85  127  187   23   89   62   76  155  169   77   63  168   53  152   60   20  131   98    0
best path cost：9978.633019
step=88000
best path:
    0   47   30   43   38  103  138  198  164   80  185   87  184   24   36    2   44  165   91  192  174  144  126    9  124  195  146   61   64   90  104  182   94  163  115   42  137  134  116   26  110   33  120  140  108  170  196  133  123   11  188  109  135   12   28   58  149  111  158  183   37  125  162    5  166   86    1   69   49  161   65  159   34  193   16   99   41   10   48   22   81  113  157  160  118   78   25   14   56   13  180  154  142    8   35  106   52  153  194  148   27   54   79  112  128   15  107  151  145  178  119   40   71   93   68   19   84   21   59   55  130  197   82   18  179   45  199  190  114  156    6  139   83  141  173   92  122   88   72  189   95  150  105  175  176   70   73  191  101  100   50  129   66  121  117    4    7  136  143   96   31   17    3  177  147   39  172  181  132   46   97   32   75   57   67  186   74  171   51  167   29  102   85  127  187   23   89   62   76  155  169   77   63  168   53  152   60   20  131   98    0
best path cost：9978.633019
step=90000
best path:
    0   47   30   43   38  103  138  198  164   80  185   87  184   24   36    2   44  165   91  192  174  144  126    9  124  195  146   61   64   90  104  182   94  163  115   42  137  134  116   26  110   33  120  140  108  170  196  133  123   11  188  109  135   12   28   58  149  111  158  183   37  125  162    5  166   86    1   69   49  161   65  159   34  193   16   99   41   10   48   22   81  113  157  160  118   78   25   14   56   13  180  154  142    8   35  106   52  153  194  148   27   54   79  112  128   15  107  151  145  178  119   40   71   93   68   19   84   21   59   55  130  197   82   18  179   45  199  190  114  156    6  139   83  141  173   92  122   88   72  189   95  150  105  175  176   70   73  191  101  100   50  129   66  121  117    4    7  136  143   96   31   17    3  177  147   39  172  181  132   46   97   32   75   57   67  186   74  171   51  167   29  102   85  127  187   23   89   62   76  155  169   77   63  168   53  152   60   20  131   98    0
best path cost：9978.633019
step=92000
best path:
    0   47   30   43   38  103  138  198  164   80  185   87  184   24   36    2   44  165   91  192  174  144  126    9  124  195  146   61   64   90  104  182   94  163  115   42  137  134  116   26  110   33  120  140  108  170  196  133  123   11  188  109  135   12   28   58  149  111  158  183   37  125  162    5  166   86    1   69   49  161   65  159   34  193   16   99   41   10   48   22   81  113  157  160  118   78   25   14   56   13  180  154  142    8   35  106   52  153  194  148   27   54   79  112  128   15  107  151  145  178  119   40   71   93   68   19   84   21   59   55  130  197   82   18  179   45  199  190  114  156    6  139   83  141  173   92  122   88   72  189   95  150  105  175  176   70   73  191  101  100   50  129   66  121  117    4    7  136  143   96   31   17    3  177  147   39  172  181  132   46   97   32   75   57   67  186   74  171   51  167   29  102   85  127  187   23   89   62   76  155  169   77   63  168   53  152   60   20  131   98    0
best path cost：9978.633019
step=94000
best path:
    0   47   30   43   38  103  138  198  164   80  185   87  184   24   36    2   44  165   91  192  174  144  126    9  124  195  146   61   64   90  104  182   94  163  115   42  137  134  116   26  110   33  120  140  108  170  196  133  123   11  188  109  135   12   28   58  149  111  158  183   37  125  162    5  166   86    1   69   49  161   65  159   34  193   16   99   41   10   48   22   81  113  157  160  118   78   25   14   56   13  180  154  142    8   35  106   52  153  194  148   27   54   79  112  128   15  107  151  145  178  119   40   71   93   68   19   84   21   59   55  130  197   82   18  179   45  199  190  114  156    6  139   83  141  173   92  122   88   72  189   95  150  105  175  176   70   73  191  101  100   50  129   66  121  117    4    7  136  143   96   31   17    3  177  147   39  172  181  132   46   97   32   75   57   67  186   74  171   51  167   29  102   85  127  187   23   89   62   76  155  169   77   63  168   53  152   60   20  131   98    0
best path cost：9978.633019
step=96000
best path:
    0   47   30   43   38  103  138  198  164   80  185   87  184   24   36    2   44  165   91  192  174  144  126    9  124  195  146   61   64   90  104  182   94  163  115   42  137  134  116   26  110   33  120  140  108  170  196  133  123   11  188  109  135   12   28   58  149  111  158  183   37  125  162    5  166   86    1   69   49  161   65  159   34  193   16   99   41   10   48   22   81  113  157  160  118   78   25   14   56   13  180  154  142    8   35  106   52  153  194  148   27   54   79  112  128   15  107  151  145  178  119   40   71   93   68   19   84   21   59   55  130  197   82   18  179   45  199  190  114  156    6  139   83  141  173   92  122   88   72  189   95  150  105  175  176   70   73  191  101  100   50  129   66  121  117    4    7  136  143   96   31   17    3  177  147   39  172  181  132   46   97   32   75   57   67  186   74  171   51  167   29  102   85  127  187   23   89   62   76  155  169   77   63  168   53  152   60   20  131   98    0
best path cost：9978.633019
step=98000
best path:
    0   47   30   43   38  103  138  198  164   80  185   87  184   24   36    2   44  165   91  192  174  144  126    9  124  195  146   61   64   90  104  182   94  163  115   42  137  134  116   26  110   33  120  140  108  170  196  133  123   11  188  109  135   12   28   58  149  111  158  183   37  125  162    5  166   86    1   69   49  161   65  159   34  193   16   99   41   10   48   22   81  113  157  160  118   78   25   14   56   13  180  154  142    8   35  106   52  153  194  148   27   54   79  112  128   15  107  151  145  178  119   40   71   93   68   19   84   21   59   55  130  197   82   18  179   45  199  190  114  156    6  139   83  141  173   92  122   88   72  189   95  150  105  175  176   70   73  191  101  100   50  129   66  121  117    4    7  136  143   96   31   17    3  177  147   39  172  181  132   46   97   32   75   57   67  186   74  171   51  167   29  102   85  127  187   23   89   62   76  155  169   77   63  168   53  152   60   20  131   98    0
best path cost：9978.633019
step=100000
best path:
    0   47   30   43   38  103  138  198  164   80  185   87  184   24   36    2   44  165   91  192  174  144  126    9  124  195  146   61   64   90  104  182   94  163  115   42  137  134  116   26  110   33  120  140  108  170  196  133  123   11  188  109  135   12   28   58  149  111  158  183   37  125  162    5  166   86    1   69   49  161   65  159   34  193   16   99   41   10   48   22   81  113  157  160  118   78   25   14   56   13  180  154  142    8   35  106   52  153  194  148   27   54   79  112  128   15  107  151  145  178  119   40   71   93   68   19   84   21   59   55  130  197   82   18  179   45  199  190  114  156    6  139   83  141  173   92  122   88   72  189   95  150  105  175  176   70   73  191  101  100   50  129   66  121  117    4    7  136  143   96   31   17    3  177  147   39  172  181  132   46   97   32   75   57   67  186   74  171   51  167   29  102   85  127  187   23   89   62   76  155  169   77   63  168   53  152   60   20  131   98    0
best path cost：9978.633019
step=102000
best path:
    0   47   30   43   38  103  138  198  164   80  185   87  184   24   36    2   44  165   91  192  174  144  126    9  124  195  146   61   64   90  104  182   94  163  115   42  137  134  116   26  110   33  120  140  108  170  196  133  123   11  188  109  135   12   28   58  149  111  158  183   37  125  162    5  166   86    1   69   49  161   65  159   34  193   16   99   41   10   48   22   81  113  157  160  118   78   25   14   56   13  180  154  142    8   35  106   52  153  194  148   27   54   79  112  128   15  107  151  145  178  119   40   71   93   68   19   84   21   59   55  130  197   82   18  179   45  199  190  114  156    6  139   83  141  173   92  122   88   72  189   95  150  105  175  176   70   73  191  101  100   50  129   66  121  117    4    7  136  143   96   31   17    3  177  147   39  172  181  132   46   97   32   75   57   67  186   74  171   51  167   29  102   85  127  187   23   89   62   76  155  169   77   63  168   53  152   60   20  131   98    0
best path cost：9978.633019
step=104000
best path:
    0   47   30   43   38  103  138  198  164   80  185   87  184   24   36    2  119   40   71   93   68   19   84   21   59   55  130  197   82   18  179   45   44  165   91  192  174  144  126    9  124  195  146   61   64   90  104  182   94  163  115   42  137  134  116   26  110   33  120  140  108  170  196  133  123   11  188  109  135   12   28   58  149  111  158  183   37  125  162    5  166   86    1   69   49  161   65  159   34  193   16   99   41   10   48   22   81  113  157  160  118   78   25   14   56   13  180  154  142    8   35  106   52  153  194  148   27   54   79  112  128   15  107  151  145  178  199  190  114  156    6  139   83  141  173   92  122   88   72  189   95  150  105  175  176   70   73  191  101  100   50  129   66  121  117    4    7  136  143   96   31   17    3  177  147   39  172  181  132   46   97   32   75   57   67  186   74  171   51  167   29  102   85  127  187   23   89   62   76  155  169   77   63  168   53  152   60   20  131   98    0
best path cost：9968.494315
step=106000
best path:
    0   47   30   43   38  103  138  198  164   80  185   87  184   24   36    2  119   40   71   93   68   19   84   21   59   55  130  197   82   18  179   45   44  165   91  192  174  144  126    9  124  195  146   61   64   90  104  182   94  163  115   42  137  134  116   26  110   33  120  140  108  170  196  133  123   11  188  109  135   12   28   58  149  111  158  183   37  125  162    5  166   86    1   69   49  161   65  159   34  193   16   99   41   10   48   22   81  113  157  160  118   78   25   14   56   13  180  154  142    8   35  106   52  153  194  148   27   54   79  112  128   15  107  151  145  178  199  190  114  156    6  139   83  141  173   92  122   88   72  189   95  150  105  175  176   70   73  191  101  100   50  129   66  121  117    4    7  136  143   96   31   17    3  177  147   39  172  181  132   46   97   32   75   57   67  186   74  171   51  167   29  102   85  127  187   23   89   62   76  155  169   77   63  168   53  152   60   20  131   98    0
best path cost：9968.494315
step=108000
best path:
    0   47   30   43   38  103  138  198  164   80  185   87  184   24   36    2  119   40   71   93   68   19   84   21   59   55  130  197   82   18  179   45   44  165   91  192  174  144  126    9  124  195  146   61   64   90  104  182   94  163  115   42  137  134  116   26  110   33  120  140  108  170  196  133  123   11  188  109  135   12   28   58  149  111  158  183   37  125  162    5  166   86    1   69   49  161   65  159   34  193   16   99   41   10   48   22   81  113  157  160  118   78   25   14   56   13  180  154  142    8   35  106   52  153  194  148   27   54   79  112  128   15  107  151  145  178  199  190  114  156    6  139   83  141  173   92  122   88   72  189   95  150  105  175  176   70   73  191  101  100   50  129   66  121  117    4    7  136  143   96   31   17    3  177  147   39  172  181  132   46   97   32   75   57   67  186   74  171   51  167   29  102   85  127  187   23   89   62   76  155  169   77   63  168   53  152   60   20  131   98    0
best path cost：9968.494315
step=110000
best path:
    0   47   30   43   38  103  138  198  164   80  185   87  184   24   36    2  119   40   71   93   68   19   84   21   59   55  130  197   82   18  179   45   44  165   91  192  174  144  126    9  124  195  146   61   64   90  104  182   94  163  115   42  137  134  116   26  110   33  120  140  108  170  196  133  123   11  188  109  135   12   28   58  149  111  158  183   37  125  162    5  166   86    1   69   49  161   65  159   34  193   16   99   41   10   48   22   81  113  157  160  118   78   25   14   56   13  180  154  142    8   35  106   52  153  194  148   27   54   79  112  128   15  107  151  145  178  199  190  114  156    6  139   83  141  173   92  122   88   72  189   95  150  105  175  176   70   73  191  101  100   50  129   66  121  117    4    7  136  143   96   31   17    3  177  147   39  172  181  132   46   97   32   75   57   67  186   74  171   51  167   29  102   85  127  187   23   89   62   76  155  169   77   63  168   53  152   60   20  131   98    0
best path cost：9968.494315
step=112000
best path:
    0   47   30   43   38  103  138  198  164   80  185   87  184   24   36    2  119   40   71   93   68   19   84   21   59   55  130  197   82   18  179   45   44  165   91  192  174  144  126    9  124  195  146   61   64   90  104  182   94  163  115   42  137  134  116   26  110   33  120  140  108  170  196  133  123   11  188  109  135   12   28   58  149  111  158  183   37  125  162    5  166   86    1   69   49  161   65  159   34  193   16   99   41   10   48   22   81  113  157  160  118   78   25   14   56   13  180  154  142    8   35  106   52  153  194  148   27   54   79  112  128   15  107  151  145  178  199  190  114  156    6  139   83  141  173   92  122   88   72  189   95  150  105  175  176   70   73  191  101  100   50  129   66  121  117    4    7  136  143   96   31   17    3  177  147   39  172  181  132   46   97   32   75   57   67  186   74  171   51  167   29  102   85  127  187   23   89   62   76  155  169   77   63  168   53  152   60   20  131   98    0
best path cost：9968.494315
step=114000
best path:
    0   47   30   43   38  103  138  198  164   80  185   87  184   24   36    2  119   40   71   93   68   19   84   21   59   55  130  197   82   18  179   45   44  165   91  192  174  144  126    9  124  195  146   61   64   90  104  182   94  163  115   42  137  134  116   26  110   33  120  140  108  170  196  133  123   11  188  109  135   12   28   58  149  111  158  183   37  125  162    5  166   86    1   69   49  161   65  159   34  193   16   99   41   10   48   22   81  113  157  160  118   78   25   14   56   13  180  154  142    8   35  106   52  153  194  148   27   54   79  112  128   15  107  151  145  178  199  190  114  156    6  139   83  141  173   92  122   88   72  189   95  150  105  175  176   70   73  191  101  100   50  129   66  121  117    4    7  136  143   96   31   17    3  177  147   39  172  181  132   46   97   32   75   57   67  186   74  171   51  167   29  102   85  127  187   23   89   62   76  155  169   77   63  168   53  152   60   20  131   98    0
best path cost：9968.494315
step=116000
best path:
    0   47   30   43   38  103  138  198  162    5  166  164   80  185   87  184   24   36    2  119  133  123   11  188  109  135   40   71   93   68   19   84   21   59   55  130  197   82   18  179   45   44  165   91  192  174  144  126    9  124  195  146   61   64   90  104  182   94  163  115   42  137  134  116   26  110   33  120  140  108  170  196   12   28   58  149  111  158  183   37  125   86    1   69   49  161   65  159   34  193   16   99   41   10   48   22   81  113  157  160  118   78   25   14   56   13  180  154  142    8   35  106   52  153  194  148   27   54   79  112  128   15  107  151  145  178  199  190  114  156    6  139   83  141  173   92  122   88   72  189   95  150  105  175  176   70   73  191  101  100   50  129   66  121  117    4    7  136  143   96   31   17    3  177  147   39  172  181  132   46   97   32   75   57   67  186   74  171   51  167   29  102   85  127  187   23   89   62   76  155  169   77   63  168   53  152   60   20  131   98    0
best path cost：9958.455262
step=118000
best path:
    0   47   30   43   38  103  138  198  162    5  166  164   80  185   87  184   24   36    2  119  133  123   11  188  109  135   40   71   93   68   19   84   21   59   55  130  197   82   18  179   45   44  165   91  192  174  144  126    9  124  195  146   61   64   90  104  182   94  163  115   42  137  134  116   26  110   33  120  140  108  170  196   12   28   58  149  111  158  183   37  125   86    1   69   49  161   65  159   34  193   16   99   41   10   48   22   81  113  157  160  118   78   25   14   56   13  180  154  142    8   35  106   52  153  194  148   27   54   79  112  128   15  107  151  145  178  199  190  114  156    6  139   83  141  173   92  122   88   72  189   95  150  105  175  176   70   73  191  101  100   50  129   66  121  117    4    7  136  143   96   31   17    3  177  147   39  172  181  132   46   97   32   75   57   67  186   74  171   51  167   29  102   85  127  187   23   89   62   76  155  169   77   63  168   53  152   60   20  131   98    0
best path cost：9958.455262
step=120000
best path:
    0   47   30   43   38  103  138  198  162    5  166  164   80  117    4    7  185   87  184   24   36    2  123   11  188  109  135   40  119  133   90  104  182   94  163  115   42  137  134  116   26  110   33  120  140  139   83  141   70   73  191  101  100   50  129   66  121  136   71   93   68   19   84   21   59   55  130  197   82   18  179   45   44  165   91  192  174  144  126    9  124  195  146   61   64  108  170  196   12   28   58  149  111  158  183   37  125   86    1   69   49  161   65  159   34  193   16   99   41   10   48   22   81  113  157  160  118   78   25   14   56   13  180  154  142    8   35  106   52  153  194  148   27   54   79  112  128   15  107  151  145  178  199  190  114  156    6  173   92  122   88   72  189   95  150  105  175  176  143   96   31   17    3  177  147   39  172  181  132   46   97   32   75   57   67  186   74  171   51  167   29  102   85  127  187   23   89   62   76  155  169   77   63  168   53  152   60   20  131   98    0
best path cost：9878.182119
step=122000
best path:
    0   47   30   43   38  103  138  198  144  126    9  162    5  166  164   80  117    4    7  185   87  184   24   36    2  123   11  188  109  135   40  119  133   90  104  182   94  163  115   42  137  134  116   26  110   33  120  140  139   83  141   70   73  191  101  100   50  129   66  121  136   71   93   68   19   84   21   59   55  130  197   82   18  179   45   44  165   91  192  174  124  195  146   61   64  108  170  196   12   28   58  149  111  158  183   37  125   86    1   69   49  161   65  159   34  193   16   99   41   10   48   22   81  113  157  160  118   78   25   14   56   13  180  154  142    8   35  106   52  153  194  148   27   54   79  112  128   15  107  151  145  178  199  190  114  156    6  173   92  122   88   72  189   95  150  105  175  176  143   96   31   17    3  177  147   39  172  181  132   46   97   32   75   57   67  186   74  171   51  167   29  102   85  127  187   23   89   62   76  155  169   77   63  168   53  152   60   20  131   98    0
best path cost：9878.182119
step=124000
best path:
    0   47   30   43   38  103  138  198  144  126    9  162    5  166  164   80  117    4    7  185   87  184   24   36    2  123   11  188  109  135   40  119  133   90  104  182   94  163  115   42  137  134  116   26  110   33  120  140  139   83  141   70   73  191  101  100   50  129   66  121  136   71   93   68   19   84   21   59   55  130  197   82   18  179   45   44  165   91  192  174  124  195  146   61   64  108  170  196   12   28   58  149  111  158  183   37  125   86    1   69   49  161   65  159   34  193   16   99   41   10   48   22   81  113  157  160  118   78   25   14   56   13  180  154  142    8   35  106   52  153  194  148   27   54   79  112  128   15  107  151  145  178  199  190  114  156    6  173   92  122   88   72  189   95  150  105  175  176  143   96   31   17    3  177  147   39  172  181  132   46   97   32   75   57   67  186   74  171   51  167   29  102   85  127  187   23   89   62   76  155  169   77   63  168   53  152   60   20  131   98    0
best path cost：9878.182119
step=126000
best path:
    0   47   30   43   38  103  138  198  144  126    9  162    5  166  164   80  117    4    7  185   87  184   24   36    2  123   11  188  109  135   40  119  133   90  104  182   94  163  115   42  137  134  116   26  110   33  120  140  139   83  141   70   73  191  101  100   50  129   66  121  136   71   93   68   19   84   21   59   55  130  197   82   18  179   45   44  165   91  192  174  124  195  146   61   64  108  170  196   12   28   58  149  111  158  183   37  125   86    1   69   49  161   65  159   34  193   16   99   41   10   48   22   81  113  157  160  118   78   25   14   56   13  180  154  142    8   35  106   52  153  194  148   27   54   79  112  128   15  107  151  145  178  199  190  114  156    6  173   92  122   88   72  189   95  150  105  175  176  143   96   31   17    3  177  147   39  172  181  132   46   97   32   75   57   67  186   74  171   51  167   29  102   85  127  187   23   89   62   76  155  169   77   63  168   53  152   60   20  131   98    0
best path cost：9878.182119
step=128000
best path:
    0   47   30   43   38  103  138  198  144  126    9  162    5  166  164   80  117    4    7  185   87  184   24   36    2  123   11  188  109  135   40  119  133   90  104  182   94  163  115   42  137  134  116   26  110   33  120  140  139   83  141   70   73  191  101  100   50  129   66  121  136   71   93   68   19   84   21   59   55  130  197   82   18  179   45   44  165   91  192  174  124  195  146   61   64  108  170  196   12   28   58  149  111  158  183   37  125   86    1   69   49  161   65  159   34  193   16   99   41   10   48   22   81  113  157  160  118   78   25   14   56   13  180  154  142    8   35  106   52  153  194  148   27   54   79  112  128   15  107  151  145  178  199  190  114  156    6  173   92  122   88   72  189   95  150  105  175  176  143   96   31   17    3  177  147   39  172  181  132   46   97   32   75   57   67  186   74  171   51  167   29  102   85  127  187   23   89   62   76  155  169   77   63  168   53  152   60   20  131   98    0
best path cost：9878.182119
step=130000
best path:
    0   47   30   43   38  103  138  198  144  126    9  162    5  166  164   80  117    4    7  185   87  184   24   36    2  123   11  188  109  135   40  119  133   90  104  182   94  163  115   42  137  134  116   26  110   33  120  140  139   83  141   70   73  191  101  100   50  129   66  121  136   71   93   68   19   84   21   59   55  130  197   82   18  179   45   44  165   91  192  174  124  195  146   61   64  108  170  196   12   28   58  149  111  158  183   37  125   86    1   69   49  161   65  159   34  193   16   99   41   10   48   22   81  113  157  160  118   78   25   14   56   13  180  154  142    8   35  106   52  153  194  148   27   54   79  112  128   15  107  151  145  178  199  190  114  156    6  173   92  122   88   72  189   95  150  105  175  176  143   96   31   17    3  177  147   39  172  181  132   46   97   32   75   57   67  186   74  171   51  167   29  102   85  127  187   23   89   62   76  155  169   77   63  168   53  152   60   20  131   98    0
best path cost：9878.182119
step=132000
best path:
    0   47   30   43   38  103  138  198  144  126    9  162    5  166  164   80  117    4    7  185   87  184   24   36    2  123   11  188  109  135   40  119  133   90  104  182   94  163  115   42  137  134  116   26  110   33  120  140  139   83  141   70   73  191  101  100   50  129   66  121  136   71   93   68   19   84   21   59   55  130  197   82   18  179   45   44  165   91  192  174  124  195  146   61   64  108  170  196   12   28   58  149  111  158  183   37  125   86    1   69   49  161   65  159   34  193   16   99   41   10   48   22   81  113  157  160  118   78   25   14   56   13  180  154  142    8   35  106   52  153  194  148   27   54   79  112  128   15  107  151  145  178  199  190  114  156    6  173   92  122   88   72  189   95  150  105  175  176  143   96   31   17    3  177  147   39  172  181  132   46   97   32   75   57   67  186   74  171   51  167   29  102   85  127  187   23   89   62   76  155  169   77   63  168   53  152   60   20  131   98    0
best path cost：9878.182119
step=134000
best path:
    0   47   30   43   38  103  138  198  144  126    9  162    5  166  164   80  117    4    7  185   87  184   24   36    2  123   11  188  109  135   40  119  133   90  104  182   94  163  115   42  137  134  116   26  110   33  120  140  139   83  141   70   73  191  101  100   50  129   66  121  136   71   93   68   19   84   21   59   55  130  197   82   18  179   45   44  165   91  192  174  124  195  146   61   64  108  170  196   12   28   58  149  111  158  183   37  125   86    1   69   49  161   65  159   34  193   16   99   41   10   48   22   81  113  157  160  118   78   25   14   56   13  180  154  142    8   35  106   52  153  194  148   27   54   79  112  128   15  107  151  145  178  199  190  114  156    6  173   92  122   88   72  189   95  150  105  175  176  143   96   31   17    3  177  147   39  172  181  132   46   97   32   75   57   67  186   74  171   51  167   29  102   85  127  187   23   89   62   76  155  169   77   63  168   53  152   60   20  131   98    0
best path cost：9878.182119
step=136000
best path:
    0   47   30   43   38  103  138  198  144  126    9  162    5  166  164   80  117    4    7  185   87  184   24   36    2  123   11  188  109  135   40  119  133   90  104  182   94  163  115   42  137  134  116   26  110   33  120  140  139   83  141   70   73  191  101  100   50  129   66  121  136   71   93   68   19   84   21   59   55  130  197   82   18  179   45   44  165   91  192  174  124  195  146   61   64  108  170  196   12   28   58  149  111  158  183   37  125   86    1   69   49  161   65  159   34  193   16   99   41   10   48   22   81  113  157  160  118   78   25   14   56   13  180  154  142    8   35  106   52  153  194  148   27   54   79  112  128   15  107  151  145  178  199  190  114  156    6  173   92  122   88   72  189   95  150  105  175  176  143   96   31   17    3  177  147   39  172  181  132   46   97   32   75   57   67  186   74  171   51  167   29  102   85  127  187   23   89   62   76  155  169   77   63  168   53  152   60   20  131   98    0
best path cost：9878.182119
step=138000
best path:
    0   47   30   43   38  103  138  198  144  126    9  162    5  166  164   80  117    4    7  185   87  184   24   36    2  123   11  188  109  135   40  119  133   90  104  182   94  163  115   42  137  134  116   26  110   33  120  140  139   83  141   70   73  191  101  100   50  129   66  121  136   71   93   68   19   84   21   59   55  130  197   82   18  179   45   44  165   91  192  174  124  195  146   61   64  108  170  196   12   28   58  149  111  158  183   37  125   86    1   69   49  161   65  159   34  193   16   99   41   10   48   22   81  113  157  160  118   78   25   14   56   13  180  154  142    8   35  106   52  153  194  148   27   54   79  112  128   15  107  151  145  178  199  190  114  156    6  173   92  122   88   72  189   95  150  105  175  176  143   96   31   17    3  177  147   39  172  181  132   46   97   32   75   57   67  186   74  171   51  167   29  102   85  127  187   23   89   62   76  155  169   77   63  168   53  152   60   20  131   98    0
best path cost：9878.182119
step=140000
best path:
    0   47   30   43   38  103  138  198  144  126    9  162    5  166  164   80  117    4    7  185   87  184   24   36    2  123   11  188  109  135   40  119  133   90  104  182   94  163  115   42  137  134  116   26  110   33  120  140  139   83  141   70   73  191  101  100   50  129   66  121  136   71   93   68   19   84   21   59   55  130  197   82   18  179   45   44  165   91  192  174  124  195  146   61   64  108  170  196   12   28   58  149  111  158  183   37  125   86    1   69   49  161   65  159   34  193   16   99   41   10   48   22   81  113  157  160  118   78   25   14   56   13  180  154  142    8   35  106   52  153  194  148   27   54   79  112  128   15  107  151  145  178  199  190  114  156    6  173   92  122   88   72  189   95  150  105  175  176  143   96   31   17    3  177  147   39  172  181  132   46   97   32   75   57   67  186   74  171   51  167   29  102   85  127  187   23   89   62   76  155  169   77   63  168   53  152   60   20  131   98    0
best path cost：9878.182119
step=142000
best path:
    0   47   30   43   38  103  138  198  144  126    9  162    5  166  164   80  117    4    7  185   87  184   24   36    2  123   11  188  109  135   40  119  133   90  104  182   94  163  115   42  137  134  116   26  110   33  120  140  139   83  141   70   73  191  101  100   50  129   66  121  136   71   93   68   19   84   21   59   55  130  197   82   18  179   45   44  165   91  192  174  124  195  146   61   64  108  170  196   12   28   58  149  111  158  183   37  125   86    1   69   49  161   65  159   34  193   16   99   41   10   48   22   81  113  157  160  118   78   25   14   56   13  180  154  142    8   35  106   52  153  194  148   27   54   79  112  128   15  107  151  145  178  199  190  114  156    6  173   92  122   88   72  189   95  150  105  175  176  143   96   31   17    3  177  147   39  172  181  132   46   97   32   75   57   67  186   74  171   51  167   29  102   85  127  187   23   89   62   76  155  169   77   63  168   53  152   60   20  131   98    0
best path cost：9878.182119
step=144000
best path:
    0   47   30   43   38  103  138  198  144  126    9  162    5  166  164   80  117    4    7  185   87  184   24   36    2  123   11  188  109  135   40  119  133   90  104  182   94  163  115   42  137  134  116   26  110   33  120  140  139   83  141   70   73  191  101  100   50  129   66  121  136   71   93   68   19   84   21   59   55  130  197   82   18  179   45   44  165   91  192  174  124  195  146   61   64  108  170  196   12   28   58  149  111  158  183   37  125   86    1   69   49  161   65  159   34  193   16   99   41   10   48   22   81  113  157  160  118   78   25   14   56   13  180  154  142    8   35  106   52  153  194  148   27   54   79  112  128   15  107  151  145  178  199  190  114  156    6  173   92  122   88   72  189   95  150  105  175  176  143   96   31   17    3  177  147   39  172  181  132   46   97   32   75   57   67  186   74  171   51  167   29  102   85  127  187   23   89   62   76  155  169   77   63  168   53  152   60   20  131   98    0
best path cost：9878.182119
step=146000
best path:
    0   47   30   43   38  103  138  198  144  126    9  162    5  166  164   80  117    4    7  185   87  184   24   36    2  123   11  188  109  135   40  119  133   90  104  182   94  163  115   42  137  134  116   26  110   33  120  140  139   83  141   70   73  191  101  100   50  129   66  121  136   71   93   68   19   84   21   59   55  130  197   82   18  179   45   44  165   91  192  174  124  195  146   61   64  108  170  196   12   28   58  149  111  158  183   37  125   86    1   69   49  161   65  159   34  193   16   99   41   10   48   22   81  113  157  160  118   78   25   14   56   13  180  154  142    8   35  106   52  153  194  148   27   54   79  112  128   15  107  151  145  178  199  190  114  156    6  173   92  122   88   72  189   95  150  105  175  176  143   96   31   17    3  177  147   39  172  181  132   46   97   32   75   57   67  186   74  171   51  167   29  102   85  127  187   23   89   62   76  155  169   77   63  168   53  152   60   20  131   98    0
best path cost：9878.182119
step=148000
best path:
    0   47   30   43   38  103  138  198  144  126    9  162    5  166  164   80  117    4    7  185   87  184   24   36    2  123   11  188  109  135   40  119  133   90  104  182   94  163  115   42  137  134  116   26  110   33  120  140  139   83  141   70   73  191  101  100   50  129   66  121  136   71   93   68   19   84   21   59   55  130  197   82   18  179   45   44  165   91  192  174  124  195  146   61   64  108  170  196   12   28   58  149  111  158  183   37  125   86    1   69   49  161   65  159   34  193   16   99   41   10   48   22   81  113  157  160  118   78   25   14   56   13  180  154  142    8   35  106   52  153  194  148   27   54   79  112  128   15  107  151  145  178  199  190  114  156    6  173   92  122   88   72  189   95  150  105  175  176  143   96   31   17    3  177  147   39  172  181  132   46   97   32   75   57   67  186   74  171   51  167   29  102   85  127  187   23   89   62   76  155  169   77   63  168   53  152   60   20  131   98    0
best path cost：9878.182119
step=150000
best path:
    0   47   30  115   86    1   69   49  161   43   38  103  138  198  144  126    9   42  137   12   28   58  149  111  158  183   37  125  162    5  166  164   80  117    4    7  185   87  184   24   36    2  123   11  188  109  135   40  119  133   90  104  182   94  163  134  116   26  110   33  120  140  139   83  141   70   73  191  101  100   50  129   66  121  136   71   93   68   19   84   21   59   55  130  197   82   18  179   45   44  165   91  192  174  124  195  146   61   64  108  170  196   65  159   34  193   16   99   41   10   48   22   81  113  157  160  118   78   25   14   56   13  180  154  142    8   35  106   52  153  194  148   27   54   79  112  128   15  107  151  145  178  199  190  114  156    6  173   92  122   88   72  189   95  150  105  175  176  143   96   31   17    3  177  147   39  172  181  132   46   97   32   75   57   67  186   74  171   51  167   29  102   85  127  187   23   89   62   76  155  169   77   63  168   53  152   60   20  131   98    0
best path cost：9844.306903
step=152000
best path:
    0   47   30  115   86    1   69   49  161   43   38  103  138  198  144  126    9   42  137   12   28   58  149  111  158  183   37  125  162    5  166  164   80  117    4    7  185   87  184   24   36    2  123   11  188  109  135   40  119  133   90  104  182   94  163  134  116   26  110   33  120  140  139   83  141   70   73  191  101  100   50  129   66  121  136   71   93   68   19   84   21   59   55  130  197   82   18  179   45   44  165   91  192  174  124  195  146   61   64  108  170  196   65  159   34  193   16   99   41   10   48   22   81  113  157  160  118   78   25   14   56   13  180  154  142    8   35  106   52  153  194  148   27   54   79  112  128   15  107  151  145  178  199  190  114  156    6  173   92  122   88   72  189   95  150  105  175  176  143   96   31   17    3  177  147   39  172  181  132   46   97   32   75   57   67  186   74  171   51  167   29  102   85  127  187   23   89   62   76  155  169   77   63  168   53  152   60   20  131   98    0
best path cost：9844.306903