100

#define MaxEpoc 50000
#define pcross  0.65
#define pmutation  0.09
#define POPSIZE 4000

best path:
 0   36   93   42   90   20   82   27   53   80   63   83   12    7   72   15   30   79   97   18   92   65   40   16   51    2   62   70   46   76   56   31   50 
 43   24   68   85    1   38   52   41   94   69   22   60    8   84    3   29   49   23   78   21   87   61   37   17   14   26   66   45   58   57   59   28   98  
 96   48   19   13   11    5   32   67   55   47   81   77    6   95   73   86   54   33   71   89   99   35   75   25   74    9   88   64   39   44    4   91   10   
34    0
best path cost 516.841195


#define MaxEpoc 50000
#define pcross  0.55
#define pmutation  0.08 
#define POPSIZE 2000

The cheapest cost path
best path:
0   21   78   74   50   56   31   52   12   66   80   63   77   22   60   82   27   53   61   37   20   59   28   91   41   95    7   96   48   19   57   45   58 
 13   90   92    6   94   73   29   49   55   65   46   76    8   84   17   47   81   98   79   97   18   83   38   25   70   54   36   93   42   32   67   71   86  
 39   85    1   30   88   64    5   44    4   89   68   10   34    9    2   51    3   16   40   99   35   75   62   14   26   23   43   24   33   87   11   69   72   
15    0
best path cost  653.587440


#define MaxEpoc 50000
#define pcross  0.8 
#define pmutation  0.1 
#define POPSIZE 3000 
The cheapest cost path
best path:
    0   21   78   74   55   12   98   10   34   13   22   60   43   24   42   44    4   76   11   66   36   93   87   96   48   19   54   14   26   17   89   20    8 
  84   30   49   29   71   85    1   38   91   33   83   72   15   69   82   27   52   16   40    5   90   53    2   51   73   61   37    3   59   28   77   47   81  
 25   41   94   68   56   31    7   80   63   92   32   67   99   88   64   23    6   95   50   45   58   62   79   97   18    9   65   70   46   57   86   39   35   
75    0
best path cost   498.689629

200
#define MaxEpoc 50000
#define pcross  0.65
#define pmutation  0.09
#define POPSIZE 4000

The cheapest cost path
best path:
    0   47   76   41   72   21   94  138  182  191  140  197   82  166   89   62  155    2   50  129   13  194  167   42  179    3   55  168   26  186  108  170  196 
 190  132   27  158  195  128   28  157  124   11   40  119  133  103   38   61  126   69   10  142   90  104  141   23  193   91   58  185  162    7  127  187   88  
 29  113   54  143   79   60  105   96  116   80   34   78   25   81   66   57   70  118  164  192  125   44  165  149   22  121  171  144   51  122  173   92    9  107  
151  136  184   87   36   46   49  161   75  159  175   65  199   73  163  174   56  145  153  148  117   12   15  180   64  154  181   95  114  156  130  101   31   74  
  6   30  102  188  109  189    8   35  106   52  160  100   53   17  137   14   33  120   45  146  139   83  150   24   16  198   59   20  131   98   85   43   37   67   93  
111   71   99   86    1  110  123  115    4   39  177  147  172  135  178  152  112  183   97   32   77   63  176  134   18   19   68   84  169   5  48    0
best path cost 2243.950956



#define MaxEpoc 50000
#define pcross  0.55
#define pmutation  0.08 
#define POPSIZE 2000

The cheapest cost path
best path:
    0   47  178  199   93    4  177   10   31  184  102   55  185   90  104  168   41   72   73   33   17   75  179   65  124  133   74  186  123  112   42  148   21 
  35  106    8  180  169  193   16  113  154    3   53  152  116  105  175   26   23   50  129   46  103  138  150   24   36  181  173   52   37  125  107  151  122  
157  160   64   30  166   94  163   98   89   62   76  155  130  147   39  172  100   78   14  132  121  161  189   91  149   12  140   20  131   59   96   48  170  
108  196   11  134   66   88   45   86   69   25   22   81    9  191  101    6   38   70  117    7  135  139  146   61  145  119  198  164  192   13  188  109    2   80  
127  143   54   79   15   95  114  156  195  159   34   51   43   87   92  118   49    1  182  162    5  176   97   63  174   68   19   84  136   56  110  144  126  142  
 57   67  141  197   82   28  187   29  137   40   71  171   44  165   58   18   83   99  153  194  115   85  190  111  158   60  128  167   77   32   27  120  183    0
best path cost 2019.174334


#define MaxEpoc 50000
#define pcross  0.8 
#define pmutation  0.1 
#define POPSIZE 3000 
The cheapest cost path
best path:
    0   50  129  175   92   18   55   64   48  159  105   79   23  138  133  119   11   59  156  154   47  188   67  182  158   27  164  161  132    9  142   22   25 
  81   21  124   77   85  127   38   61  168   31   65   70  130   34  101   60   24  184   36  115   76   62  155   98   42  179  196  118   86   96   13   63   93  
 49  136  125   41  162   78  160  181   20  116  113   58  174    1  183   89   10  172  140  111   40  199   73    4   16  147    7   56  135   17   74  145    8   
35   52  170  108  180  195  131   26    3   37   51  121  190    6  185  109   75  139  148  153  137   30  186  123  189  152  100   39  177  141  193  102  
197   82  166   29   14  165   44   91  192  176  194   99  146  103  163   94  134  198    5  169   68   19   84  112  187   72   88   45   87   15   66  144  126  
110  157   32  149  106  173   12   46  128  150   57  107   71   28  191   83   69   97   33  120    2  151   43   90  104  167   53  178  122  117  114  143   54  
171   95  80    0
best path cost 1769.189462

500
#define MaxEpoc 50000
#define pcross  0.8 
#define pmutation  0.1 
#define POPSIZE 3000 
The cheapest cost path
best path:
    0  189  478  424  292  375   62   20  192  138  499  227  397  482  294  416  429  486  381  208  432   24   96   70  108  131  214  353  423  104  371  457  136 
 277  350  106  133   15  487  433  296  237  233  239  197  406  144   60  298  194  213  415  333  412  283  417   81  476  474  165  369  285   91  312  201  252  
310  281  169  359   32  451  177  250  112  459  450  334   16  466  436  488  458   80   99  328  167  202  229  479  444  480  315  175  221  276  477  164  247  
383  362  449  270  407   42   40  123   55   66  374  120  384  215  326  370  155  321  191  448  126  460  195  401  313  413  481  468  185  139  190  409  249  
153  246  339   57  218  320   51  343   61  279   47  183  344  385  193  188  425  337  347  148  392  219    9  408  199   95  483  351  345   19   67  303  399  210 
 318  469  396   26  117  290  367  272  342  240  471  163   14  160   54  253   28  150  129   48  388   79  455  265  121  341  198  172   78  465  147  380  186 
 256  438  171  299   87   58  378  437  224  128  454  173  174  206  132  366  263  495    1  354  260  414  158  289  447  492   85  327  400   68  467  373  231  
  6  439  101  248  428  182  325  105  445   21   76   45  346  181  473  463  254  314    2   46   39   44  282  419   74  295  140  430  497  379  387  134  377   
43  149  494  161  135    3   25  456  364   41  118    4  356  442  102  243   35  405  137  267  242  257  305  365  110  179  470  111  302   72  395  297   97   30   
94  255  390  462  266   13  146  323  335  434   29  402   86  273  157  154   27  410  211   53  376  304  234   18  162  461  142   38  228  269  168  170  306  143  
332  398  280  203   69  180   84  331  386  446  496  124  422   49  358  431  216  268    5  435  441   64  330   92   93  300  338  426   88  475   75   11 
 130  119  274  336  103  324  485  109  393  389  204  421   77  212  329  368  115  360  308  427   56  403  166  100  205   98  200  340  226  498  489  113  223  
245  352   37   71  251  316  184  230  372  107  207  361  156   17   82  127  394  235   89  258  453  464  176  114    7  311  278  244  125  452   50   12  440   
73   22  222  262  261  287  307  490  418  319  241  322  271   90  122   59  217  116  152  317   10  275  349  484  238   31  225  284  196   36  236  309  264  348  
178  209  232   63  220  391  472  301  420  363  151  357   23    8   52  259   34   33  293  491  187   65  355  286  493  288  145  411  141  404  443  382  291  159   
83    0
best path cost 5605.005979


#define MaxEpoc 50000
#define pcross  0.55
#define pmutation  0.08 
#define POPSIZE 2000

The cheapest cost path
best path:
    0  149  209  463  466  488   99   25   85  492  413   58  285  376  369   91  387  100  332  232  114  247  264  174  246   44  491  290  185  101  377   65  436 
  40  125  163  301  409  245  343  197  406  210   30   82   13  474  395  384  215  335  381  354   69  180   38  259   52   34   33  293  256  454  214  151   90  
396  198  338  117  457  136  380  447  313  309  211   53  226  308  427   56  403  273   93  165  124  473  121   79  241  132  348  360  187  183  292  103  142 
 182   36  236  464  324  468  358   92   50    3  370  155  140  481  385  193  455  244  130  280  190  145  379  483  318  434  252  242  339   86  168  253  251  
311  186  154  176   78   72  275  278  437  312  393  300  375  422   49   32  443  487  401  342  153  144   19  141  133  106  363  188   45  269  420  418  319    7 
 373  480  169   27  225   71  160  320  428  229  497   60  276   66  374  352   95  138  390   55   97  170  224  326   62   20  192  291  499   70  475  119  139 
 282  425  337  414  146  462  451  271  322   81  199   75   11    9  104  371  302  479  444  181  248  372   22    6  231  439  398  296  294  205    8  303  202  
272  228  482   10  258  359  453   73  315  355  156  341  399   12  250  196  184  316  446  460   63  220  391  367  238  212  329  260    1  216  304  234  366  266  
378  485  203  416  440  336  279  263   61  287   39  419  217   96  346  289   80  458   41  127  235  111   76  357   23  122  469  112  383  221  361  201   83  178  452   
31  161  323  261  495   84  281   37  158  331  325   42  407  270  430   35  189  159   59  317  116  433  157  166  411   57  345  257  277  191  489  498  113   28  415 
 233  148  431  107  274  298  177  128  194  213   87   47   14  108  333  195  412  120  349  306   48  152   15  237   26  328  388   89  394 476  389  204  223  432  305   
77  448  126   68  173  135  353  417  283  240  402   17  243  400  405  218  207  408    4  494  208  222  456  365  421  123  314  254    2  392  262  423  351  102  356  
147  143  227  397  429  347  344  334   16  131  105  206   74  382  404  255  496  461  442   43   54   51   64  362  172  230  284  268  175  486  134  340  465  321  471   
 5  435  441  449  110  470  179  459  295  484  171  118  200  472   29  445  150  129  327   18  450  467  477  164   94  219  438  410  267  424   98  364  310   21  265  
109  368  115  490  249  307   67   24  350  426   88  478  299  386  137  297  286  493  288  162  330   46  239  167    0
best path cost 9132.168745	

#define MaxEpoc 50000
#define pcross  0.65
#define pmutation  0.09
#define POPSIZE 4000
The cheapest cost path
best path:
    0  262  165  378  494  185  343  184   99   65    6  231  439  360  384  215  376  415  235  459  105  451  337  347  455  357   23  144   62   20  192  332  151 
  54   51   28  117  250  238  426   71  445   95  288    4  173  214  388  246  369  453  141   80  458   25  434  318   29  281  456  170  224  229   24  178  418  
355  172  260  496  373  239   83  256   93   46  148  205   98  251  230  284   36  236  140   22  124  473  121   72    3  176  204  463  274  336  349  306  484   
48  264  135  143  493  414  187  171  472  252  354  381  203  341  353  342  219  401  298  120   17  129   47  329  212  368  228  346  327  217  166  149   14  
122   70  232  482  450   16  334  131  498  489  113  182  125  297  103  300  268  100  291  430  183  118  409  190  267  486   49  352   86  156  404  255  196  
299  279  160  330   31   32  485  478  132  348  476  435  379  226  431  109  469  168  102  147   39   19  361  197  258  359  162   45  115    7  292  491    2  254 
 392  142    9  119  139  272  315  371  247  244   38  474  364  134  340  199  320  245  428  154  304  308  403  344  175  128    5  441  123  416  440  276  422  
193  309  410   13   64   92   50   43  311  167   41   78  358  421  396  152   15  116  201  209   97  385  302   60  449  339  233   77  243  400  432  305  108  495    
1   10   81    8   61  287  111  218  259   52   34   33  293  294  222  437  286  227   53  216  269  335  397  399   12  323  275  169   27  487   89  127  438  420  249  
313  145   66  374  282  477  467  164  289   26  177  328  191   87  242   75   11  471  314  159  497  307  200  207  174   67  389  393  462  130  138  107   59  479  
444  483  257  319  365  271   90  382  406  261  283  417  240  295  321   30  225  448  126  390  457  136  490  278  186  331  408  112  133  106  363  424  150  
82  316  446   76  362  161  114  273  198  312  104  277  387  325   42  407  270  181   69  248  372  475  454  266   79  210   85  447  413  338  37 88  206  356 
 442  375  461  443   96  303  202  499  452  322  492  153  380  411   57  263  234  366  429  146  296  395   18  460  377   94  110  179  470   91  285   58  189 
 237   74  398  163  301  241  213  194  394  326   56  427  425  433  157  208  290   63  220  391  367  188   35  405  223  324  468  280  423  180  101  419  317 
 465  333  195  412   68  466  488  436   40  137  351  480  253  481  158   73  310   21  265  350  155  370   44  345  211   84   55  402  386  464  383  221    0
best path cost 4976.709883