200
64 41 1
461 604 2
782 240 3
224 899 3
721 314 1
839 315 2
407 479 3
749 302 2
474 101 1
963 22 3
827 205 2
334 40 3
339 141 2
186 876 3
649 471 3
647 103 3
617 200 2
991 802 2
398 139 3
863 557 1
102 327 1
28 758 3
612 487 1
952 69 3
603 160 1
665 467 1
156 120 2
572 584 3
745 391 3
888 86 2
8 508 2
688 860 3
528 971 2
901 784 1
207 5 3
491 75 1
606 152 2
263 696 1
199 693 1
717 249 1
750 964 1
919 227 1
293 884 1
963 668 3
474 213 1
945 163 3
445 641 3
91 55 3
288 602 3
381 571 1
95 147 1
310 690 2
547 65 3
970 952 1
269 273 1
38 203 2
358 900 2
155 605 1
667 186 2
129 270 1
528 817 3
192 696 2
958 346 1
565 905 2
14 464 3
696 970 3
997 723 3
205 592 2
835 554 1
486 600 3
185 594 2
686 968 2
935 164 2
63 127 3
691 754 2
60 262 3
943 315 1
566 966 1
751 483 1
282 233 2
322 421 2
553 444 2
775 125 2
116 804 2
850 697 2
442 844 2
459 601 1
578 128 1
928 130 1
966 414 1
639 731 1
491 284 1
664 92 2
485 815 3
107 671 1
252 353 1
209 204 2
487 990 1
87 343 3
415 53 3
319 534 3
135 888 2
615 183 3
162 690 1
601 734 2
200 56 1
524 53 1
276 618 1
417 187 1
219 529 2
264 663 3
701 937 1
922 790 3
226 12 3
265 350 1
282 644 3
189 443 3
903 813 3
72 552 3
782 963 2
903 838 2
483 492 2
967 821 3
762 64 2
589 660 2
265 704 3
290 724 2
438 895 3
836 777 2
72 200 2
190 471 3
78 339 1
503 514 2
498 452 3
18 617 2
58 426 3
352 614 3
293 879 3
78 677 2
168 815 1
96 976 3
727 128 3
959 1 3
239 248 1
326 754 1
275 399 3
168 759 1
718 230 1
273 925 2
466 266 3
281 360 3
264 611 2
901 916 2
244 971 1
326 179 2
954 329 2
268 372 2
685 652 1
623 904 2
214 4 1
645 680 2
405 488 2
803 370 1
54 614 2
360 319 1
516 217 1
208 209 3
695 970 3
822 652 3
459 992 3
418 177 1
200 210 3
713 237 2
573 68 1
93 476 3
190 31 2
799 259 3
732 257 1
872 940 1
240 868 2
342 174 2
901 642 3
538 416 3
48 755 3
573 164 1
946 512 3
173 186 3
981 78 1
200 484 1
553 982 3
506 768 3
80 934 1
420 313 2
597 276 1
202 957 2
113 323 3
395 183 2
788 135 1
278 429 3
796 894 2
