100
70 66 3
53 861 2
291 58 1
342 637 3
908 601 2
528 783 3
647 119 1
151 878 3
322 675 1
125 710 3
139 617 1
857 422 2
977 357 2
164 408 3
136 503 1
468 288 2
211 150 1
876 881 3
697 281 2
404 157 2
758 678 3
337 944 1
536 9 1
192 696 3
440 505 2
617 166 3
230 532 2
336 294 2
519 939 2
726 393 2
654 59 3
243 670 2
954 151 1
469 562 2
106 665 2
530 335 1
256 465 1
792 42 2
87 828 2
554 359 3
187 155 2
713 205 1
205 574 3
525 428 1
998 599 1
444 455 1
187 346 2
22 648 1
436 126 1
773 430 2
439 170 3
281 76 2
243 407 3
333 596 3
154 231 3
80 433 3
351 730 1
820 954 3
409 431 2
570 981 1
514 2 3
772 75 1
246 47 3
900 25 2
563 826 2
2 185 1
180 61 3
980 7 2
45 491 3
273 518 3
124 276 1
215 674 3
425 225 1
304 654 3
186 789 2
563 269 2
590 548 3
721 63 3
313 935 1
766 228 1
883 78 1
22 575 2
254 284 1
85 350 3
354 618 2
166 985 1
794 795 2
383 903 3
479 890 1
873 529 2
758 700 2
920 640 3
51 736 3
235 436 2
717 245 2
675 190 2
461 153 1
723 273 2
897 843 3
561 799 3
