0.000030    0.102022    0.867120   26.760948
0.000075    0.088735    0.821058   22.627142
0.000047    0.079855    0.739905   19.934729
0.000026    0.077582    0.696386   17.731848
0.000029    0.077154    0.678447   17.568670
0.000009    0.076949    0.676052   17.432690
0.000053    0.076803    0.675097   17.269512
0.000013    0.076686    0.674119   17.215120
0.000004    0.076585    0.673131   17.079140
0.000024    0.076490    0.672133   17.106337
0.000060    0.076395    0.671132   17.079140
0.000038    0.076296    0.670140   17.079140
0.000121    0.076192    0.669166   17.079140
0.000047    0.076083    0.668217   16.915964
0.000050    0.075972    0.667308   16.807178
0.000006    0.075862    0.666457   16.752787
0.000014    0.075754    0.665676   16.725592
0.000001    0.075647    0.664968   16.779984
0.000011    0.075537    0.664328   16.779984
0.000001    0.075422    0.663742   16.779984
0.000003    0.075297    0.663188   16.698395
0.000016    0.075160    0.662642   16.644005
0.000001    0.075009    0.662082   16.644005
0.000056    0.074843    0.661496   16.562416
0.000054    0.074662    0.660876   16.616808
0.000069    0.074466    0.660219   16.616808
0.000017    0.074256    0.659523   16.616808
0.000008    0.074035    0.658787   16.644005
0.000001    0.073807    0.658014   16.616808
0.000006    0.073579    0.657206   16.589611
0.000006    0.073354    0.656371   16.725592
0.000004    0.073134    0.655518   16.834375
0.000008    0.072922    0.655552   16.888767
0.000006    0.072720    0.656006   16.861572
0.000035    0.072532    0.656458   16.943159
0.000114    0.072352    0.656897   16.970356
0.000051    0.072182    0.657316   16.943159
0.000029    0.072026    0.657711   16.970356
0.000016    0.071885    0.658076   16.970356
0.000018    0.071757    0.658411   17.024748
0.000018    0.071641    0.658714   17.079140
0.000043    0.071535    0.658983   17.024748
0.000012    0.071437    0.659219   17.160728
0.000047    0.071346    0.659422   17.133532
0.000021    0.071261    0.659591   17.133532
0.000018    0.071182    0.659728   17.215120
0.000025    0.071107    0.659834   17.187925
0.000030    0.071037    0.659911   17.079140
0.000012    0.070971    0.659961   17.106337
0.000084    0.070910    0.659988   17.106337
0.000009    0.070853    0.659994   17.024748
0.000060    0.070800    0.659984   17.106337
0.000014    0.070750    0.659961   17.106337
0.000017    0.070705    0.659932   17.079140
0.000030    0.070664    0.659901   17.051945
0.000024    0.070628    0.659875   17.051945
0.000005    0.070598    0.659858   17.106337
0.000009    0.070574    0.659856   17.024748
0.000012    0.070557    0.659874   17.051945
0.000008    0.070544    0.659915   17.051945
0.000010    0.070534    0.659978   17.106337
0.000011    0.070525    0.660055   17.106337
0.000009    0.070513    0.660132   17.051945
0.000073    0.070496    0.660193   17.024748
0.000034    0.070475    0.660243   17.160728
0.000015    0.070446    0.660301   17.106337
0.000000    0.070410    0.660393   17.160728
0.000022    0.070370    0.660522   17.133532
0.000014    0.070325    0.660675   17.242317
0.000023    0.070279    0.660828   17.269512
0.000053    0.070232    0.660959   17.215120
0.000064    0.070184    0.661050   17.215120
0.000037    0.070136    0.661095   17.133532
0.000011    0.070089    0.661090   17.160728
0.000067    0.070045    0.661040   17.187925
0.000005    0.070002    0.660956   17.187925
0.000094    0.069964    0.660850   17.160728
0.000014    0.069931    0.660733   17.079140
0.000018    0.069903    0.660614   17.079140
0.000024    0.069882    0.660498   17.051945
0.000113    0.069866    0.660388   16.997551
0.000013    0.069854    0.660282   16.915964
0.000010    0.069845    0.660179   16.915964
0.000013    0.069838    0.660079   16.943159
0.000011    0.069834    0.659981   16.943159
0.000006    0.069830    0.659884   16.915964
0.000004    0.069827    0.659789   16.915964
0.000054    0.069823    0.659696   16.997551
0.000076    0.069819    0.659602   16.970356
0.000071    0.069814    0.659508   16.970356
0.000018    0.069808    0.659413   16.915964
0.000003    0.069801    0.659314   16.915964
0.000027    0.069793    0.659212   16.915964
0.000027    0.069784    0.659106   16.997551
0.000016    0.069775    0.658995   17.051945
0.000003    0.069766    0.658879   17.051945
0.000037    0.069756    0.658758   17.079140
0.000036    0.069746    0.658633   17.079140
0.000015    0.069737    0.658503   17.051945
0.000020    0.069727    0.658371   16.997551
0.000002    0.069718    0.658236   16.970356
0.000011    0.069708    0.658098   16.970356
0.000009    0.069699    0.657959   16.943159
0.000029    0.069689    0.657818   16.943159
0.000041    0.069680    0.657677   16.943159
0.000075    0.069671    0.657535   16.943159
0.000004    0.069662    0.657394   16.943159
0.000049    0.069654    0.657253   16.943159
0.000001    0.069645    0.657114   16.943159
0.000050    0.069637    0.656975   16.970356
0.000028    0.069630    0.656839   16.970356
0.000051    0.069622    0.656704   16.943159
0.000003    0.069614    0.656571   16.943159
0.000013    0.069607    0.656441   16.970356
0.000024    0.069600    0.656313   16.970356
0.000009    0.069593    0.656188   16.997551
0.000012    0.069587    0.656065   16.997551
0.000003    0.069581    0.655945   17.024748
0.000009    0.069575    0.655828   17.024748
0.000017    0.069569    0.655715   17.051945
0.000023    0.069564    0.655604   17.051945
0.000013    0.069558    0.655496   17.051945
0.000005    0.069553    0.655392   17.051945
0.000021    0.069549    0.655290   17.079140
0.000021    0.069544    0.655192   17.079140
0.000011    0.069540    0.655097   17.079140
0.000006    0.069535    0.655005   17.079140
0.000005    0.069531    0.654916   17.079140
0.000001    0.069527    0.654831   17.133532
0.000003    0.069523    0.654748   17.160728
0.000001    0.069519    0.654669   17.160728
0.000011    0.069516    0.654592   17.160728
0.000026    0.069512    0.654519   17.160728
0.000032    0.069509    0.654448   17.133532
0.000035    0.069505    0.654381   17.160728
0.000014    0.069502    0.654316   17.160728
0.000000    0.069498    0.654255   17.079140
0.000005    0.069495    0.654196   17.133532
0.000019    0.069492    0.654141   17.133532
0.000031    0.069489    0.654088   17.133532
0.000007    0.069486    0.654039   17.106337
0.000050    0.069483    0.653991   17.079140
0.000044    0.069480    0.653947   17.079140
0.000007    0.069477    0.653906   17.051945
0.000028    0.069474    0.653868   17.024748
0.000060    0.069472    0.653832   17.024748
0.000045    0.069469    0.653798   17.024748
0.000017    0.069466    0.653768   17.024748
0.000008    0.069463    0.653741   17.024748
0.000031    0.069460    0.653717   17.051945
0.000015    0.069457    0.653695   17.051945
0.000062    0.069454    0.653676   17.051945
0.000016    0.069451    0.653661   17.079140
0.000003    0.069448    0.653648   17.106337
0.000040    0.069444    0.653638   17.106337
0.000026    0.069441    0.653631   17.106337
0.000019    0.069438    0.653627   17.106337
0.000007    0.069435    0.653626   17.051945
0.000007    0.069432    0.653629   17.051945
0.000021    0.069429    0.653633   17.051945
0.000037    0.069425    0.653641   17.051945
0.000027    0.069422    0.653652   17.051945
0.000003    0.069419    0.653666   17.051945
0.000034    0.069415    0.653684   17.051945
0.000035    0.069412    0.653704   17.079140
0.000019    0.069409    0.653727   17.106337
0.000007    0.069405    0.653753   17.160728
0.000008    0.069402    0.653782   17.160728
0.000002    0.069399    0.653814   17.160728
0.000013    0.069395    0.653849   17.160728
0.000023    0.069392    0.653887   17.160728
0.000015    0.069388    0.653928   17.160728
0.000003    0.069384    0.653970   17.160728
0.000009    0.069381    0.654016   17.160728
0.000007    0.069377    0.654064   17.160728
0.000012    0.069373    0.654115   17.160728
0.000005    0.069369    0.654167   17.160728
0.000002    0.069365    0.654222   17.187925
0.000009    0.069361    0.654279   17.187925
0.000016    0.069357    0.654338   17.187925
0.000021    0.069353    0.654399   17.187925
0.000001    0.069348    0.654461   17.187925
0.000006    0.069344    0.654525   17.187925
0.000000    0.069340    0.654591   17.160728
0.000000    0.069335    0.654657   17.133532
0.000012    0.069331    0.654725   17.133532
0.000004    0.069327    0.654795   17.133532
0.000023    0.069322    0.654865   17.133532
0.000028    0.069318    0.654937   17.133532
0.000033    0.069314    0.655009   17.133532
0.000037    0.069309    0.655083   17.133532
0.000040    0.069305    0.655158   17.106337
0.000007    0.069300    0.655233   17.106337
0.000003    0.069295    0.655309   17.106337
0.000048    0.069291    0.655386   17.079140
0.000012    0.069286    0.655464   17.051945
0.000003    0.069281    0.655542   17.079140
0.000016    0.069277    0.655621   17.051945
0.000052    0.069272    0.655701   17.051945
0.000033    0.069267    0.655781   17.051945
0.000012    0.069262    0.655861   17.051945
0.000009    0.069257    0.655942   17.051945
0.000030    0.069252    0.656024   17.024748
0.000009    0.069248    0.656107   16.997551
0.000014    0.069243    0.656190   16.997551
0.000010    0.069238    0.656273   16.997551
0.000003    0.069233    0.656357   16.997551
0.000002    0.069228    0.656443   16.997551
0.000004    0.069223    0.656528   16.997551
0.000028    0.069218    0.656614   16.997551
0.000007    0.069213    0.656701   16.997551
0.000016    0.069208    0.656788   16.997551
0.000005    0.069204    0.656876   16.997551
0.000016    0.069199    0.656965   16.997551
0.000051    0.069194    0.657054   16.997551
0.000041    0.069190    0.657144   16.970356
0.000031    0.069185    0.657234   16.970356
0.000021    0.069181    0.657326   16.970356
0.000010    0.069176    0.657418   16.997551
0.000000    0.069172    0.657510   17.024748
0.000004    0.069167    0.657604   17.024748
0.000022    0.069163    0.657697   17.024748
0.000003    0.069159    0.657791   17.024748
0.000022    0.069155    0.657886   17.024748
0.000013    0.069151    0.657980   17.024748
0.000050    0.069147    0.658075   17.024748
0.000006    0.069143    0.658170   16.997551
0.000023    0.069140    0.658264   16.997551
0.000011    0.069136    0.658358   16.997551
0.000003    0.069133    0.658452   17.024748
0.000017    0.069130    0.658544   17.024748
0.000004    0.069126    0.658635   17.024748
0.000018    0.069123    0.658725   17.024748
0.000000    0.069120    0.658812   17.024748
0.000021    0.069117    0.658898   17.024748
0.000038    0.069114    0.658979   17.024748
0.000007    0.069110    0.659057   16.997551
0.000050    0.069107    0.659131   16.997551
0.000082    0.069103    0.659199   16.997551
0.000042    0.069100    0.659261   16.997551
0.000016    0.069095    0.659315   16.997551
0.000057    0.069091    0.659360   17.024748
0.000003    0.069085    0.659394   17.051945
0.000054    0.069080    0.659415   17.051945
0.000019    0.069075    0.659422   17.079140
0.000024    0.069068    0.659412   17.079140
0.000066    0.069062    0.659387   17.051945
0.000048    0.069056    0.659346   17.024748
0.000036    0.069050    0.659292   16.997551
0.000030    0.069045    0.659225   16.970356
0.000031    0.069042    0.659153   16.970356
0.000000    0.069040    0.659081   16.943159
0.000013    0.069039    0.659017   16.888767
