401001
388819
385727
385026
382972
381039
378494
373479
372545
369224
366452
364792
363653
361194
360332
358258
358791
357320
356009
355140
352924
352385
351057
349842
348183
348216
346978
343034
344203
341157
338189
336995
333846
332174
331663
329204
329718
326291
326812
327552
325460
322369
322369
320215
320003
319200
317011
317505
316494
315836
314209
313139
310709
307596
307317
307317
305621
305621
302959
302959
300924
299095
298799
297548
297548
296146
294787
292612
292612
291063
290443
289261
290117
287202
291194
291194
289214
288959
286799
286204
285536
283155
281910
282781
282456
280825
280825
279670
278454
278454
275810
275810
273711
272832
271601
271472
269377
269415
267947
267947
266583
264987
263741
263000
261042
261676
260160
258814
258391
258391
257694
256517
255730
255730
254009
253797
253797
250643
252754
252754
252030
251306
251548
252323
251355
249321
249321
247229
248110
246329
246329
245304
245467
243904
243904
243240
242431
241047
240264
240264
238665
238665
237059
236771
237026
236317
235047
235654
234609
234194
234555
233817
233136
233129
231771
230883
229969
228093
227804
226699
225635
224788
224788
222867
222775
221859
221625
221369
219980
219678
219126
219103
219126
219163
219163
218082
216763
216763
215622
215454
214492
213872
212999
211985
211985
210593
210593
209350
208644
208727
207832
206070
206070
205129
204847
202848
202848
202078
201991
201991
201246
201246
198981
200412
199344
198522
198229
197031
196529
195961
195826
195322
194848
195226
195342
195342
193284
194852
193704
193808
192403
192496
192220
190823
190661
190053
190053
189394
189101
188751
187285
187890
187424
187396
187396
185824
185689
185024
185024
183781
182863
183107
182528
181388
181388
180005
179708
179676
179503
179503
178702
178702
177760
177760
176621
176196
175215
175215
174369
174204
173978
173661
173379
173776
173695
173695
172507
171894
171360
170560
170560
170066
169493
169493
168238
168240
167945
167945
167339
166692
166446
166446
166107
164037
165291
165181
164270
164270
163429
163315
163540
162645
162645
162277
160768
161646
161646
161186
160852
160260
160260
160260
159223
158673
158673
158050
157701
157954
156973
156524
156011
155208
155798
154229
154820
154820
154070
153640
152890
155259
154132
154132
153249
152479
152069
152301
150281
150281
149949
149514
148565
147635
147243
147963
147592
147375
146798
147013
145856
145856
144825
145319
144175
144175
143162
143126
142132
142264
141909
141981
141981
140587
140587
140035
139543
139543
138711
138422
138422
137534
136789
136627
136627
135871
135871
135160
134872
135053
135053
134288
134288
133457
132552
132552
131465
131465
131297
130919
131103
130539
130539
129771
129771
128967
128967
128281
128252
128281
128281
127803
127469
127037
126360
126360
126082
125660
125660
125336
125504
125365
125006
124997
124717
123850
124437
124354
123724
123724
123149
123149
122537
122478
121907
121788
121518
122293
122367
122760
124684
124300
124300
124230
123959
123959
123829
122979
123456
122551
122764
123102
123081
123081
122620
122659
122365
122160
122160
121960
121782
121222
120286
120488
120474
119991
119991
119635
119271
119088
118755
118356
118723
119117
118847
118803
117582
117582
117514
117514
117248
116449
116449
116449
115450
114372
114666
114225
114071
112924
112924
112300
112354
112192
112791
113466
113466
112593
112064
112269
111209
111209
110733
110684
110684
110288
109995
109897
109504
108606
108157
109960
109960
109903
109663
111668
110626
110626
110626
110596
109224
110222
110501
110501
109317
109597
109470
108203
108203
108203
107568
107892
107512
107789
107789
107789
107133
107133
106662
106146
105688
104641
104641
103784
104267
103538
103538
103538
103258
103258
102569
102782
102430
102430
101446
102098
101735
101627
101627
101190
101166
100819
100282
100187
99898.7
99787.9
99787.9
99503.8
99365.9
99365.9
98536.5
99365.9
99263.1
99263.1
100208
99605.8
100105
99605.8
99605.8
99571.7
99103.1
98560.9
98560.9
98321.5
98320.9
98320.9
97975.3
97668.6
97668.6
97393.6
97380
97111.9
96727.1
96225.2
96027.8
96027.8
95335.1
95335.1
95161.4
94639.7
94639.7
94639.7
94639.7
94478.7
93992.8
94316.4
94316.4
93693
93693
93693
93306.5
92827.8
92827.8
92417.8
92234.7
92620
92615.9
92233.6
92141.3
91632.4
91632.4
91236.4
91172.2
90899
90843.1
90484
90484
89955.1
89955.1
89948.2
89300.6
89300.6
88858.8
89300.6
90773.6
89809
89809
89340.6
89199.9
89190.3
88728.6
88728.6
88528.4
88273.3
88273.3
87978.2
87755.2
87755.2
87478.7
87755.2
88753.6
88564.1
88258.8
88891.5
88423.2
88423.2
88085.7
88085.7
88085.7
88020.9
87452.9
88043.6
87723.7
87723.7
87499.6
87499.6
87243.6
87243.6
87167.9
86986.9
87243.6
86768
86768
86768
86697.6
86521.4
86428.5
86488.3
87167.2
86807.5
87347.8
87338.4
86785.8
86587
86500.4
86500.4
86207.2
86207.2
86207.2
86082.5
86082.5
85646.1
85646.1
85445.8
85368.8
85150
85368.8
85771.4
85755.3
85191.3
85532.3
85532.3
85532.3
85521.9
85373.8
85373.8
85373
85067.8
85310
84880.1
84867.2
84598.3
84598.3
84598.3
84598.3
84342.5
84222.3
84222.3
83883
83792.8
83792.8
83393.2
83393.2
83137
83115.9
83265.2
84267.2
83952.7
83952.7
83952.7
82774.7
82774.7
82774.7
82594.5
82774.7
85151.1
85151.1
85151.1
84899.7
85496.6
85496.6
86021.8
86335
86335
85395.8
85395.8
84487.1
84487.1
84331.1
84487.1
84303.9
84276.3
84303.9
84417.7
84417.7
84301.5
84417.7
85828
85540.9
85140.6
85540.9
84992.9
84992.9
84786.2
84575.9
84396.4
84396.4
83962.4
84083.6
84156.2
84000.6
84000.6
83944.8
84000.6
84411.9
84399.7
84399.7
83974.3
83746.9
83746.9
83592.3
83390.2
83238.4
83238.4
83238.4
82995
82995
82819.8
82819.8
82606
82606
82564
82443.1
82443.1
82443.1
81912.2
81912.2
81912.2
81475.8
81475.8
81475.8
81348.3
81226.6
81053.1
80659.2
80235.8
80235.8
79639.9
80114.9
80114.9
79202.8
79202.8
79202.8
79176.7
79202.8
79202.8
79183.6
78915.6
78915.6
78816.8
78373.8
78373.8
78373.8
78109.8
78679.8
78179.8
78403.4
78291.9
78022.3
78022.3
77959.1
77810.4
77959.1
77437
77437
77343.8
77343.8
76989.8
77154.5
77437
77437
76950.3
76950.3
76849.3
76950.3
76950.3
76885.6
76658.7
76380.3
76658.7
76910.5
76868.1
76791.4
76711.9
76675.2
76675.2
76057.3
76057.3
75732
75732
75664
75322.8
75162.2
75036.1
75036.1
74946.4
74946.4
74633.6
74633.6
74621.1
74339.1
74552.5
74121.3
75834
75618.5
74630.5
74630.5
74630.5
74630.5
74330.9
74630.5
74406.3
74330.9
74060.2
74060.2
73559.6
73821.1
73558
73931.7
73931.7
73931.7
73926.5
73797.5
73797.5
73456.6
73456.6
73456.6
73399.6
73399.6
73251.4
72951.5
73017.6
73017.6
72883.4
73017.6
72883.4
72420.1
72420.1
72389.7
72111.9
71753.5
72039.3
72062.3
72062.3
72062.3
72062.3
72062.3
72062.3
72062.3
72062.3
72062.3
71868
71794.3
72062.3
73481.1
74054.8
73313.2
73921.1
73778.2
73487.3
73716.2
75372.3
74641.6
74641.6
74078.7
74078.7
73612.7
73752.9
73603.9
73603.9
73603.9
73148.3
73096.1
72864.5
72864.5
72453.9
72453.9
72256.8
72256.8
71324.7
71324.7
71324.7
71324.7
71056.6
70903.5
70876.3
70577.1
70787.3
70787.3
70698.9
70751
70751
70436
70182
70182
69673.7
69673.7
69673.7
69615.7
69658.2
69673.7
70413.9
70413.9
70413.9
70413.9
69799.7
69799.7
69759.7
69525.6
69525.6
69222.7
69217.5
69217.5
69074.6
69074.6
68481.3
68481.3
68481.3
68481.3
68481.3
68481.3
68481.3
68481.3
68022.3
68022.3
67627.7
67627.7
66897.1
67402.3
67397
67397
67397
66939.3
67228.2
67018.4
66932.2
66932.2
66932.2
66745.3
66745.3
66401.2
66616.3
66616.3
66413.8
66413.8
66104
66104
66018.4
65944.9
65872.1
65872.1
65872.1
65661.1
65608.2
65608.2
65608.2
65484.8
65149.2
65149.2
65014.9
64054.9
64054.9
64054.9
63971
63971
63688.6
63688.6
63688.6
63319.2
63319.2
63309.8
63319.2
62941
62941
62941
62494.7
62494.7
62494.7
62494.7
62494.7
62494.7
62494.7
62494.7
62333.9
62333.9
62333.9
62333.9
62174
62174
61959.8
61646.3
61646.3
61524.7
61039.6
61039.6
60925.9
60925.9
60925.9
60863.7
60703
60734.8
60595.6
60519.6
60211.7
60519.6
60552.3
61179.6
61179.6
61068.8
61179.6
61179.6
60928.8
60911.5
60858.1
60819.6
60594.2
60594.2
60375.4
60481
60226.8
60226.8
59966.7
60037.6
60145.7
60779.4
60037.6
60624.6
62376.6
62376.6
61395.3
61395.3
61109.7
61091.6
61003
61003
61003
61003
60904.8
60904.8
60619.2
60715.6
61003
61003
61386.8
61328.4
62046.9
62046.9
62046.9
61701.7
61927.8
61567.7
61828.2
61828.2
61827
61681.9
61681.9
61553
61613.1
61681.9
61681.9
61681.9
61645.5
61661.9
61681.9
62038.5
62340.3
62220.9
62220.9
61999.7
61934.8
61881.9
61665.8
61665.8
61154.2
61154.2
60954.2
60967.6
61106.2
61928.9
61882.2
61928.9
61786.2
61786.2
61786.2
61786.2
61562
61786.2
61786.2
61786.2
61622.6
61786.2
61786.2
61622.6
61622.6
61622.6
61622.6
61543.9
61622.6
61829.4
61829.4
61829.4
61829.4
61829.4
61829.4
61093.8
61093.8
60760.7
59875.3
61093.8
61093.8
61093.8
61093.8
60911.3
60538
60538
60538
60538
60369.9
60538
60538
60538
60372
60028.5
60372
60372
60372
60372
60372
60372
60372
60268.5
60356.1
60202.3
60202.3
59808.2
60202.3
60202.3
60086.6
59674.9
59674.9
59320.6
59320.6
59320.6
59320.6
59277
59131.3
59131.3
59012.3
59089.5
58865.4
58865.4
58749.2
58737.8
58312.3
58749.2
58525
58546
58085.4
58085.4
57946.3
58085.4
58045.4
58045.4
58045.4
58045.4
57941.9
57619.7
57796.1
58027.1
57991.4
57906.4
57906.4
57590.3
57638.3
57638.3
57543
57305.8
57543
57543
57543
57431.7
57290.5
57290.5
56853.7
56853.7
56808.4
56853.7
57367.5
57418.2
57886.7
57679
57646.3
57596.1
57384.1
57019.4
57019.4
57019.4
57019.4
57019.4
57019.4
57019.4
57019.4
56983.5
57019.4
56779.1
56662.9
56662.9
56662.9
56662.9
56582
56126.5
56126.5
55973.3
56121.4
56121.4
56121.4
55943.1
55792.4
55662.8
55792.4
55792.4
55776.2
55776.2
55776.2
55776.2
55728.2
55661
55619.3
55619.3
55333.7
55333.7
55333.7
55333.7
55333.7
55245
55206.1
55240.5
55245
55668.3
55668.3
56765.6
56765.6
56233.4
56233.4
56233.4
56014.2
56000.1
56000.1
55810.9
55810.9
55810.9
55810.9
55810.9
55810.9
55810.1
55503.6
55503.6
55193.9
55122.1
55122.1
54685.3
54685.3
54652
54574.5
54574.5
54134.5
54134.5
54134.5
54079.6
54101.2
53953.8
53953.8
53953.8
53953.8
53953.8
53953.8
53953.8
53953.8
53953.8
53944.4
53953.8
53953.8
53953.8
53953.8
53953.8
53953.8
53953.8
53953.8
53953.8
53953.8
53953.8
53953.8
53953.8
53928.8
53953.8
53953.8
53855.7
53953.8
54922.6
54922.6
54858.1
54922.6
54922.6
54922.6
54894.2
54772.6
54772.6
54772.6
54346
54346
54346
54346
54346
54095.7
53747.2
54095.7
54069.5
53970.1
53947.8
53947.8
53724.7
53947.8
53947.8
53947.8
53699.8
53947.8
53516.4
53947.8
53947.8
53947.8
53852.6
53852.6
53852.6
53852.6
53852.6
53726.3
53604.6
53852.6
53774.1
53621.9
53621.9
53616.9
53616.9
53289.9
53289.9
53289.9
53289.9
53237.7
53237.7
53237.7
53237.7
53228
53228
53228
53228
53228
53159.6
53028.2
53010
53010
53010
52927.6
52927.6
52927.6
52902.5
52902.5
52902.5
52862.2
53845
53656.2
53656.2
53322.3
53322.3
53322.3
53322.3
53322.3
53322.3
53123.8
53095.1
53322.3
52994.5
52994.5
52994.5
52994.5
52994.5
52994.5
52960
52960
52451.7
52451.7
52451.7
52207
52360.1
52506.8
52457.5
52506.8
52506.8
52490.9
52506.8
52506.8
52506.8
52367.3
52258.1
52258.1
52258.1
52250.8
52077.9
52077.9
52054.8
51982.6
51982.6
51226
51226
51226
51099.6
51099.6
51099.6
50767.5
51038.8
51038.8
51038.8
51038.8
51022.9
51038.8
51038.8
51038.8
51038.8
51038.8
51038.8
51038.8
51038.8
51031.5
50947
50831.7
50831.7
50831.7
50831.7
50819.4
50290.7
50290.7
50290.7
50151.5
50001.7
50001.7
50001.7
50001.7
50001.7
50001.7
49837.7
49781.6
50001.7
50001.7
50001.7
49948.5
50001.7
49893.9
50001.7
49985.8
49970.1
49886.7
49831.1
49831.1
49831.1
49831.1
49831.1
49831.1
49831.1
49792.7
49623.3
49623.3
49623.3
49623.3
49623.3
49623.3
49492.6
49375.3
49312.8
49312.8
49125.3
49197
49312.8
48990.9
49312.8
49130.6
49130.6
49130.6
49130.6
49130.6
49130.6
48994
49093
49130.6
49130.6
49130.6
48726.4
48726.4
48688.3
48662.9
48637.6
48726.4
49944.5
49944.5
49944.5
49944.5
49944.5
49944.5
49218.5
49843.4
49843.4
49218.5
49843.4
49163
49773.3
49139.2
49115.5
49115.5
48891.5
48891.5
48721.2
48884.8
48721.2
48721.2
48721.2
48605.1
48556.4
48721.2
48670.8
48670.8
48670.8
48670.8
48236.3
48236.3
48236.3
48236.3
48025.6
47907.3
47907.3
47907.3
47356.2
47751.4
47751.4
47751.4
47751.4
47723.9
47256.7
47256.7
47256.7
47256.7
47256.7
47256.7
47256.7
47237.7
46793.7
47104.4
47256.7
46864.1
47214.5
46895.7
46895.7
46786.6
46895.7
46870.6
46839.3
46757.9
46757.9
46757.9
46757.9
46757.9
46757.9
46757.9
46666
46749.2
46749.2
46749.2
46749.2
46749.2
46720.5
46392.4
47040.9
47040.9
47040.9
46991.4
47040.9
46580.4
47040.9
47031.4
47031.4
47031.4
47031.4
46779.4
46595.1
46779.4
47031.4
48010.7
47962.3
48001
47962.3
47962.3
47940.6
47962.3
47962.3
47962.3
47619.5
47818.1
47962.3
47962.3
48473.6
48473.6
48345.4
48123.2
48656.9
48656.9
48656.9
48593.9
48432.1
48243.5
48243.5
47938.4
47928.6
48628.5
48628.5
48606.8
48379.9
48496
48002.2
48002.2
48002.2
47881
47881
47706.6
47661.6
47661.6
47607.1
47661.6
47993.9
49071
49970.6
49970.6
49507
49232.4
49232.4
49232.4
48952.8
48952.8
48271.9
48952.8
48817.7
49124
49013
49013
48657.6
48657.6
48437.5
48614.9
48614.9
48614.9
48505.2
48279.7
48279.7
48279.7
47624.6
47386.1
47386.1
47217
47116.9
46978.5
46978.5
46978.5
46870.6
46859.2
46778
46778
46778
46561.1
46600.1
46333.8
46333.8
46333.8
46333.8
46333.8
46292.8
45653
46292.8
46678.5
46958.9
46593.3
46958.9
46719.6
46463
46463
46463
46463
46979.9
46979.9
46930.9
46876.6
46299
46699.5
46699.5
46699.5
46699.5
46699.5
46699.5
46699.5
46699.5
46699.5
46699.5
46699.5
46400.3
46400.3
46400.3
46400.3
46400.3
46400.3
46400.3
46400.3
46400.3
46301.3
46301.3
46301.3
46301.3
46214.3
46301.3
46301.3
46301.3
46301.3
46108.3
46301.3
46301.3
46301.3
46162.4
46162.4
46162.4
46162.4
46086.5
46128.3
46128.3
46128.3
46128.3
46128.3
46128.3
45447.4
45447.4
45434.3
45447.4
45447.4
45447.4
45318.5
45319.8
45291.5
45245.9
45245.9
45245.9
45245.9
45245.9
45245.9
45099.4
45245.9
45245.9
45151.9
45245.9
46286.3
48205.6
48205.6
48205.6
46569.6
48182
48042.9
49904.1
49880.2
49880.2
49880.2
49880.2
49521
49307.2
49307.2
49211
48685.9
50262.5
48830.1
50262.5
50294.5
50294.5
49646.7
50243.5
50243.5
50243.5
50243.5
49940.3
49940.3
49940.3
49926.7
49512
49512
49512
48572.3
49434.2
49516.7
49516.7
49158.6
48902.7
48902.7
48539.3
48172.1
48172.1
48128.1
48172.1
48155.4
48902.7
48791
48544.6
48790.5
48736
48791
48791
48540.7
48540.7
48419.8
48419.8
47075.1
47075.1
46717.1
46717.1
46717.1
46550.3
46500.2
46550.3
47975.1
47554.6
47816.3
47816.3
47816.3
47717.5
47717.5
47637.3
47717.5
47717.5
47514.5
47717.5
48806.4
48507.5
48513.7
48513.7
48302.6
48023.3
48023.3
48023.3
48023.3
47844.7
47844.7
47844.7
47836.3
47519.9
47519.9
47519.9
47021.9
47519.9
47519.9
47519.9
47519.9
47173
47431.5
47431.5
47203.3
47431.5
48445.5
48302.1
48266.4
48445.5
48391
48055.7
48055.7
47705.4
47705.4
47705.4
47705.4
47507.9
47507.9
47235
47336.2
46964.7
47076.3
47424.9
47356.5
47376.4
46554.1
46554.1
46554.1
46554.1
46554.1
46391.3
46458.2
46143.2
46554.1
46554.1
46554.1
46502.2
46502.2
46359.2
46343.1
46247.6
46443
45706.5
45741.5
46554.1
46478.4
46554.1
46554.1
46518.5
46554.1
47627.7
47627.7
47627.7
47529.4
47529.4
47529.4
47529.4
47378.1
47378.1
47005.3
47005.3
46951.8
47005.3
47005.3
47005.3
46644.5
46644.5
46644.5
46644.5
46644.5
46644.5
46515.5
46424
46369.3
46369.3
46369.3
46369.3
46369.3
46369.3
46280.9
46327.2
47724.5
47584.8
47724.5
47721.9
47571.4
47996.1
47947.6
47571.4
47571.4
47411.1
47411.1
47356.2
47356.2
47356.2
47356.2
47356.2
47064
47356.2
46976.3
48676
49280.5
49115.8
48764.1
49115.8
48907
48907
48522.4
48550.8
48550.8
48026.2
48550.8
48294.8
48179.3
48294.8
48294.8
48294.8
48294.8
48294.8
48294.8
48294.8
48294.8
48155.1
48294.8
48239.9
48101.1
48222
49221.6
49221.6
49634
48940.2
48940.2
48848.8
48848.8
48848.8
48628.3
48628.3
48628.3
48628.3
48573.4
48568.5
48203.6
48628.3
48628.3
48628.3
48628.3
48628.3
48628.3
48216.4
48628.3
48628.3
48590.7
48528.1
48528.1
47867.5
48109.1
47930.1
47867.5
47452.7
47391.9
47595
47595
47595
47595
47595
47551.2
47353.4
47170.3
47502.7
47139.3
47139.3
47139.3
46951.1
46213.4
46213.4
46213.4
46131.4
46131.4
46131.4
46131.4
46131.4
46131.4
45981.5
45761.7
45761.7
45549.2
45549.2
45549.2
45549.2
45549.2
45549.2
45365.4
45494.3
45494.3
45494.3
45487.5
45494.3
45494.3
45494.3
45445.8
45261.1
45261.1
45198
45261.1
45170.8
45170.8
45170.8
45170.8
45082.4
45170.8
45170.8
45170.8
44953.9
44953.9
44953.9
44865.4
44953.9
44953.9
44586.9
44953.9
44953.9
44953.9
44953.9
44953.9
44953.9
44953.9
44876.9
44953.9
44953.9
44953.9
44953.9
44953.9
44928.8
44928.8
44642.5
44642.5
44554.3
44554.3
44554.3
44554.3
44554.3
44554.3
44554.3
44554.3
44554.3
44426.7
44447.6
44554.3
44554.3
45072.3
45472.2
45472.2
45472.2
45166.8
44830.7
45166.8
45472.2
45472.2
45472.2
45472.2
45472.2
45472.2
45472.2
45458.6
45472.2
45472.2
45291.6
45472.2
45514.5
45514.5
45081.8
45081.8
45081.8
45081.8
44957
44957
44957
44957
44458.5
44957
44957
44957
44957
44902.5
44957
45109.7
44902.5
44709.8
44709.8
44584.8
44583.6
44709.8
44709.8
44709.8
44593
44534.3
44435.6
44593
44061.6
44061.6
44061.6
43992
44061.6
44061.6
44061.6
44061.6
44061.6
44061.6
44061.6
44061.6
44061.6
44061.6
44061.6
44061.6
43787.4
43787.4
43645.4
43645.4
43645.4
43645.4
43645.4
43491.3
43491.3
43491.3
43491.3
43491.3
43491.3
43366.4
43205
43205
43205
43205
43114.6
43205
43077.2
43077.2
42981
42937.1
42871.5
42871.5
42871.5
42683.4
42871.5
42539
42539
42393.5
42393.5
42393.5
42393.5
42393.5
42393.5
42393.5
42393.5
42393.5
42393.5
42268.5
42186.2
42186.2
42186.2
42186.2
42186.2
42186.2
42186.2
42186.2
42117.5
42035.9
42035.9
42035.9
42004.6
42035.9
42035.9
42035.9
42035.9
42035.9
41984.3
41984.3
41908.7
41294.2
41908.7
41908.7
41908.7
41908.7
41702.1
41702.1
41702.1
41702.1
41702.1
41702.1
41575.9
41575.9
41560.5
41560.5
41560.5
41560.5
41326
41249.1
41326
41326
41326
41118.1
41118.1
41025.7
41089.9
43076.1
42152.5
42710
42152.5
42152.5
42152.5
42152.5
42065.5
41990.2
41890.7
41890.7
41890.7
41509.6
41509.6
41491.8
41491.8
41491.8
41491.8
41491.8
41035.9
41401.3
41379.2
41491.8
41432.1
41442.8
41491.8
41421.8
41421.8
41421.8
41294.2
41284.8
41284.8
41398.8
40942.9
41258.7
41258.7
41081.7
40829.2
41003.1
41003.1
40889.1
40889.1
40889.1
40889.1
40889.1
40889.1
40889.1
40889.1
40873.6
40873.6
40804.1
40804.1
40804.1
40804.1
40630.2
40630.2
40630.2
40630.2
40583.9
40630.2
40630.2
40630.2
40517.7
40454
40517.7
40517.7
40482.3
39937.3
39937.3
39937.3
39937.3
39870.1
39870.1
39537
39870.1
39870.1
39870.1
39870.1
39692.8
39870.1
40262.7
40154.9
40262.7
40251
40262.7
40154.9
40154.9
40154.9
40154.9
40154.9
40154.9
40154.9
40154.9
40154.9
39871
40154.9
40154.9
40154.9
40154.9
40154.9
40154.9
40154.9
40154.9
40154.9
40154.9
40154.9
40108.7
40108.7
40108.7
39906.9
39812.8
40027.4
40191.9
40191.9
39989.9
40085.4
40085.4
40085.4
40085.4
40085.4
40085.4
40085.4
40085.4
40071.8
40085.4
40085.4
40085.4
39672.6
39672.6
39672.6
39672.6
39672.6
39672.6
39672.6
39672.6
39672.6
39672.6
39672.6
39159.3
39159.3
39159.3
38991.6
39140.8
38991.6
38991.6
38931
38735.9
38735.9
38735.9
38735.9
38735.9
38735.9
38714.8
38735.9
38735.9
38637.4
38637.4
38623.8
38588.9
38735.9
38588.9
38735.9
38735.9
38735.9
38735.9
38735.9
38735.9
38735.9
38717.4
38717.4
38717.4
38717.4
38717.4
38717.4
39185.4
39542.1
39417.1
39417.1
39417.1
39417.1
39106.2
39106.2
39106.2
39106.2
39106.2
39106.2
38992.2
38940.8
38992.2
38978.7
38992.2
38992.2
38962.4
38772.1
38772.1
38685.1
38772.1
38772.1
38686.2
38686.2
38686.2
38671.8
38686.2
38686.2
38686.2
38654.9
38654.9
38654.9
38654.9
38654.9
38515
38515
38515
38515
38515
38515
38375.3
38515
38515
38515
38515
38515
38515
38370.5
38370.5
38370.5
38095
38095
38053.3
38053.3
38030.6
38030.6
38030.6
38001.2
38001.2
38001.2
38001.2
38001.2
37801.7
38001.2
38233.2
38233.2
38233.2
38233.2
38233.2
38233.2
38069.5
38069.5
38069.5
38069.5
38069.5
38055.9
38055.9
38055.9
38055.9
37790.5
38055.9
38055.9
38055.9
38055.9
38055.9
38055.9
38055.9
38055.9
38055.9
38055.9
38055.9
38047.9
38055.9
38055.9
38055.9
38055.9
38055.9
37921.7
38055.9
38055.9
38004.4
37921.7
37916.8
37916.8
37863.4
37817.5
37817.5
37817.5
37817.5
37817.5
37745.3
37817.5
37817.5
37817.5
37817.5
37817.5
37817.5
37817.5
37817.5
37817.5
37817.5
37817.5
37817.5
37817.5
37817.5
37817.5
37817.5
37817.5
37817.5
37817.5
37817.5
37712.2
37817.5
37755.5
37817.5
37817.5
37817.5
37712.2
37712.2
37712.2
37712.2
37668.5
37668.5
37668.5
37668.5
37327.8
37668.5
37327.8
37327.8
37327.8
37327.8
37327.8
37327.8
37327.8
37327.8
37327.8
37241.5
37241.5
36986.5
37158.2
37113.9
37113.9
37009.6
37009.6
37009.6
37009.6
36998
36998
36998
36943.9
36711.3
36711.3
36711.3
36711.3
36638.1
36893.1
36893.1
36893.1
36893.1
36893.1
36893.1
36893.1
36893.1
36835.3
36893.1
36893.1
36893.1
37628
37628
37628
37628
37628
37628
37628
37628
37628
37628
37628
37628
37628
37628
37628
37628
37628
37628
37628
37447.9
37628
37601.6
37601.6
37601.6
37584.6
37584.6
37546.6
37534.6
37534.6
37543.7
37534.6
37601.6
37601.6
37601.6
37601.6
37601.6
37956.7
37956.7
37956.7
37956.7
37956.7
37956.7
37956.7
37907.7
37907.7
37907.7
37907.7
37907.7
37907.7
37907.7
37907.7
37907.7
37907.7
37907.7
37774.9
37774.9
37774.9
37774.9
37774.9
37774.9
37774.9
37774.9
37774.9
37774.9
37774.9
37672.4
37672.4
37672.4
37672.4
37570.1
37672.4
37564
37564
37564
37564
37564
37564
37564
37564
37564
37564
37564
37564
37456.1
37485.4
37485.4
37485.4
37485.4
37485.4
37400.7
37400.7
37400.7
37400.7
37400.7
37375.9
37400.7
37397.8
37186.7
37397.8
37395
37341.2
37341.2
37145.8
37145.8
37145.8
37107.1
37145.8
37145.8
37145.8
37145.8
37107.1
36966.6
37107.1
37107.1
37107.1
36778.5
36778.5
36778.5
36778.5
36778.5
36778.5
36778.5
36778.5
36778.5
36778.5
36778.5
36778.5
36778.5
36778.5
36778.5
36778.5
36778.5
36778.5
36767.7
36767.7
36666.2
36767.7
36767.7
36767.7
36767.7
36767.7
36741.7
36662.7
36662.7
36647.9
36647.9
36647.9
36647.9
36647.9
36647.9
36647.9
36603.6
36647.9
36647.9
36647.9
36647.9
36647.9
36647.9
36647.9
36950.2
36950.2
36950.2
36950.2
36950.2
36950.2
36950.2
36950.2
36950.2
36950.2
36950.2
36950.2
36950.2
36950.2
36822.6
36792.6
36927.1
36927.1
36768.8
36927.1
36927.1
36927.1
36927.1
36822.9
36822.9
36622.1
36622.1
36622.1
36523.6
36523.6
36523.6
36523.6
36164.7
36164.7
36164.7
36164.7
36164.7
36164.7
36088.7
36140.8
36088.7
36088.7
36088.7
35805.9
36088.7
36088.7
36088.7
36088.7
36088.7
36088.7
36088.7
36088.7
36088.7
36088.7
36088.7
36088.7
36088.7
36088.7
36088.7
36088.7
36088.7
36088.7
36045
36045
36045
36030.5
36030.5
36030.5
36030.5
36030.5
36030.5
36030.5
36030.5
36030.5
36030.5
35943.1
35943.1
35943.1
35943.1
36030.5
36030.5
35943.1
35943.1
35943.1
35943.1
35914.5
35933.5
35933.5
35933.5
35933.5
35933.5
35933.5
35850.2
35850.2
35850.2
35850.2
35850.2
35850.2
35850.2
35850.2
35850.2
35850.2
35850.2
35717
35850.2
35850.2
35850.2
35836.1
35836.1
35717
35717
35717
35717
35717
35717
35717
35698.7
35698.7
35698.7
35698.7
35698.7
35698.7
35698.7
35698.7
35698.7
35649.8
35698.7
35698.7
35698.7
35649.8
35698.7
35698.7
35649.8
35649.8
35649.8
35649.8
35649.8
35649.8
35649.8
35649.8
35649.8
35649.8
35649.8
35649.8
35649.8
35649.8
35649.8
35649.8
35649.8
35649.8
35377.7
35377.7
35223.6
35377.7
35293.2
35223.6
35223.6
35223.6
35171.3
35223.6
35149.4
35149.4
35115.9
35115.9
35115.9
35115.9
35115.9
35115.9
35115.9
35115.9
35115.9
35115.9
35115.9
35115.9
35115.9
35115.9
35115.9
35019
35019
35019
35019
35019
35115.9
35115.9
35115.9
35115.9
35115.9
35115.9
35115.9
35115.9
35115.9
35115.9
35115.9
35115.9
35115.9
35115.9
35115.9
35115.9
35115.9
35115.9
34870.6
35115.9
35115.9
35115.9
34928.5
34928.5
34928.5
34928.5
34928.5
34928.5
34928.5
34928.5
34767.4
34754.1
35485.5
35485.5
35305.8
35305.8
35305.8
35257.3
35201.7
35244.7
35305.8
35305.8
35305.8
35305.8
35305.8
35305.8
35305.8
35292
35305.8
35586.2
35586.2
35586.2
35305.8
35305.8
35305.8
35305.8
35217
35305.8
35305.8
35305.8
35305.8
35305.8
35305.8
35305.8
35217
35217
35217
35217
35183
35183
35161.1
34902.1
34902.1
34902.1
34902.1
34902.1
34902.1
34902.1
34902.1
34902.1
34902.1
34449.4
34449.4
34449.4
34449.4
34449.4
34449.4
34414.6
34414.6
34414.6
33949.3
33949.3
33949.3
33949.3
33949.3
33802.1
33704.1
33704.1
33704.1
33704.1
33432.9
33704.1
33477.5
33477.5
33477.5
33477.5
33477.5
33248.7
33248.7
33248.7
33248.7
33237.9
33248.7
33248.7
33248.7
33248.7
33248.7
33248.7
33248.7
33079.5
33248.7
33248.7
33248.7
33248.7
33248.7
33248.7
33248.7
33248.7
33248.7
33248.7
33248.7
33248.7
33182.2
33182.2
33182.2
33182.2
33159.6
33159.6
33159.6
33159.6
33159.6
33123.5
33123.5
33075
33075
33075
32757.3
32757.3
32757.3
32757.3
32757.3
32757.3
32757.3
32757.3
32654
32757.3
32654
32654
32654
32654
32654
32654
32513.9
32654
32704.3
32885.1
32885.1
32885.1
32885.1
32885.1
32874.3
32824.1
32824.1
32711
32711
33394.7
33394.7
33394.7
33394.7
33394.7
33364.2
33301.1
33394.7
33394.7
34210.7
34210.7
34210.7
34073.7
34073.7
33394.7
34073.7
34073.7
34073.7
34073.7
34073.7
34073.7
34037.9
34073.7
34466.6
34466.6
34466.6
34429.5
34429.5
34346.8
34346.8
34346.8
34346.8
34346.8
34333.8
34346.8
34346.8
34346.8
34346.8
34004.5
34004.5
33989
33989
33989
33947.9
33947.9
33947.9
33750.5
33947.9
33947.9
33947.9
33947.9
33784
33947.9
33637.5
33637.5
33637.5
33637.5
32922.9
33464.7
33464.7
33464.7
33464.7
33464.7
33464.7
33464.7
33464.7
33464.7
33464.7
33464.7
33464.7
33464.7
33464.7
33464.7
33464.7
33362.2
33449.7
34583.7
34583.7
34583.7
34583.7
33449.7
33449.7
33449.7
33449.7
33449.7
33449.7
32910.7
33147.1
34142.4
34142.4
34142.4
33925.9
34142.4
33978.5
33947.8
34142.4
34142.4
34070
33380.9
34142.4
34103.8
34061.4
34142.4
33947.8
33380.9
33380.9
33380.9
33380.9
33380.9
33380.9
33380.9
33380.9
33380.9
32923.3
32923.3
32923.3
32923.3
32923.3
32923.3
32923.3
32923.3
32923.3
32923.3
32923.3
32691.2
32728.7
32923.3
32923.3
32923.3
32916.2
32923.3
32923.3
32923.3
32923.3
32923.3
32923.3
32923.3
32488.2
32923.3
32488.2
32488.2
32488.2
32370.3
32370.3
32370.3
32309.9
32192.4
32400.3
32319.3
32287.2
32205.7
32319.3
32319.3
32319.3
32319.3
32319.3
32319.3
32319.3
32319.3
32319.3
32319.3
32319.3
32319.3
32319.3
32319.3
32319.3
32319.3
32319.3
32319.3
32319.3
32319.3
32319.3
32319.3
32319.3
32319.3
32319.3
32319.3
32319.3
32319.3
32319.3
32304
32319.3
32319.3
32566.9
32476.2
32476.2
32476.2
32297.9
32173.1
32297.9
32476.2
32476.2
32071.5
32476.2
32476.2
32476.2
32476.2
32476.2
32476.2
32297.9
32439.1
32297.9
32087.5
32087.5
32087.5
32087.5
32087.5
32087.5
32087.5
31896.2
32087.5
33030.4
33030.4
33030.4
33030.4
33030.4
32824.8
32756.1
32756.1
32756.1
32688.8
33602.5
33602.5
33602.5
33602.5
33602.5
33602.5
34226.6
34156.9
34226.6
34064.3
34064.3
34064.3
34064.3
34064.3
34064.3
33424
33424
33424
33380.9
33380.9
33139
33139
33139
33139
32905.2
33139
33139
33139
33139
33139
33139
32514.9
32514.9
32514.9
32223.8
32223.8
32223.8
32223.8
32223.8
33778.3
33778.3
33714.5
33778.3
33778.3
33669.6
33669.6
33669.6
33669.6
33644.5
33607.9
33644.5
33323.8
33512.5
33512.5
33512.5
33186.5
33186.5
33186.5
33186.5
33186.5
33186.5
33186.5
33051.1
33051.1
32907.2
32907.2
32907.2
32907.2
32857.2
32899.6
32899.6
32899.6
32899.6
32899.6
32899.6
32899.6
32898.6
32302.1
32302.1
32302.1
32302.1
32302.1
32302.1
32302.1
32302.1
32286.8
32286.8
32248.2
32212.5
32212.5
32212.5
32199.9
32182.5
32075.3
32039.3
32039.3
32039.3
32039.3
32039.3
32039.3
32039.3
32039.3
32039.3
32039.3
32039.3
32039.3
32039.3
32039.3
32000.7
32039.3
32039.3
32227.7
32227.7
32159.8
32159.8
32159.8
32159.8
32159.8
32159.8
32159.8
32159.8
32159.8
32435.6
32324.8
32324.8
32324.8
32324.8
32324.8
32324.8
32324.8
32091
32324.8
32198.2
32198.2
32109.4
32066.6
32107
32107
32107
32107
32107
32107
32107
32107
32107
32107
32107
32107
32107
32107
32065.7
32065.7
32065.7
31988.5
31988.5
31824.5
31824.5
31824.5
31824.5
31824.5
31753.4
31753.4
31753.4
31753.4
31753.4
31615.4
31615.4
31615.4
31602.3
31615.4
32308.9
32638.1
32530.9
32530.9
32392.4
32530.9
33810.4
32947
32774.6
32947
32947
32631.4
32947
33141.5
33141.5
33141.5
32988.7
33009.9
33141.5
32984.6
33028.4
33028.4
33028.4
33028.4
33028.4
33028.4
33028.4
33028.4
32516.1
32516.1
32440.4
32516.1
32516.1
32516.1
32516.1
32516.1
32516.1
32292
32292
32292
32239.2
32292
32142
32292
32038.4
32292
32158.9
32292
32292
32292
32292
32292
32135.1
32292
32292
32292
32292
32292
32292
32292
32292
32292
32292
32292
32292
32292
32292
32292
32125
32125
31891.1
32125
31891.1
31891.1
31891.1
31891.1
31833.4
31891.1
31891.1
31891.1
31891.1
31891.1
31891.1
31891.1
31891.1
31891.1
31891.1
31452
31891.1
31891.1
31891.1
31891.1
31891.1
31891.1
31891.1
31891.1
31891.1
31891.1
31452
31891.1
31891.1
31889.5
31452
31889.5
31891.1
31891.1
31891.1
31452
31452
31452
31376.3
31376.3
31376.3
31311.4
31311.4
31311.4
31311.4
31229
31311.4
31311.4
31316.7
31316.7
31316.7
31316.7
31316.7
31316.7
31316.7
31218.2
31218.2
31218.2
31218.2
31218.2
31218.2
31218.2
31218.2
31017.5
31017.5
31017.5
31017.5
30876.7
30964.2
30876.7
30876.7
30876.7
30876.7
30876.7
30876.7
30876.7
30876.7
30876.7
30750
30876.7
30876.7
30876.7
30876.7
30876.7
30876.7
30876.7
30876.7
30876.7
30876.7
30876.7
30876.7
30876.7
30876.7
30876.7
30557.2
30557.2
30557.2
30557.2
30557.2
30557.2
30557.2
30557.2
30557.2
30557.2
30557.2
30557.2
30557.2
30557.2
30557.2
30557.2
30557.2
30557.2
30557.2
30557.2
30557.2
30557.2
30557.2
30557.2
30557.2
30508.7
30422.2
30497.9
30369.2
30464.1
30459.1
30434.2
30434.2
30350.2
30350.2
30350.2
30350.2
30344.6
30350.2
30350.2
30350.2
30350.2
30350.2
30322.7
30322.7
30322.7
30322.7
30322.7
30200.2
30200.2
30183.1
30183.1
30141.5
30149.5
30476.3
30965.1
30965.1
30965.1
30965.1
30965.1
30965.1
30965.1
30965.1
30965.1
30754.6
30349.6
30754.6
30754.6
30754.6
30754.6
30754.6
30754.6
30754.6
30754.6
30754.6
30754.6
30754.6
30754.6
30754.6
30754.6
30754.6
30633.6
31340
31340
31340
31340
31340
31340
31340
31340
31340
31340
31340
31340
30724.4
30724.4
30724.4
30724.4
30724.4
30724.4
30724.4
30724.4
30724.4
30724.4
30724.4
30724.4
30724.4
30724.4
30724.4
30724.4
30724.4
30167
30167
30167
30167
30167
30167
30167
30046
30161.4
30167
30167
30167
30167
30167
30167
30167
30167
30167
30167
30167
30167
30167
30167
30167
30167
30167
30167
30167
30167
30167
30167
30167
30167
30031.4
30031.4
30031.4
30031.4
30031.4
30031.4
30031.4
30031.4
30031.4
30031.4
30031.4
30031.4
30744.8
30744.8
30744.8
30744.8
30707.4
30707.4
30707.4
30707.4
30707.4
30707.4
30707.4
30707.4
30707.4
30416.3
30416.3
30416.3
30416.3
31062.3
33406.8
34444
34444
34444
34312.3
35757.7
35757.7
35044.3
35044.3
34982.2
32907.7
32907.7
32907.7
32907.7
32907.7
32690.3
32907.7
32907.7
32556.6
32907.7
32907.7
32907.7
32555.8
32690.3
32690.3
32690.3
32690.3
32690.3
32690.3
32690.3
32690.3
32690.3
32636.3
32636.3
32636.3
32636.3
32367
32367
32367
32367
32367
32367
32364.3
32364.3
32214.6
32364.3
32980.3
32845.3
32204.8
32204.8
32204.8
32204.8
32204.8
32116.9
32204
32160.7
31853.8
32052
32052
32052
32052
32052
32051.2
31869.1
31869.1
31777.9
31777.9
31777.9
31625
31625
31625
31618.6
31625
31625
31625
31625
31231.7
31569.1
31569.1
31569.1
31399.9
31569.1
32261.4
32261.4
32261.4
32261.4
32554.6
32554.6
32554.6
32554.6
32554.6
32529.7
31790.5
31790.5
31790.5
31597.7
31597.7
31597.7
31589.2
31597.7
32014.6
32014.6
32014.6
32011.8
31975.4
31975.4
31975.4
31975.4
31975.4
31975.4
31975.4
31975.4
31975.4
31922
31922
31801.8
31771.2
31801.8
31801.8
31801.8
31801.8
31666.7
31765.8
31801.8
31801.8
31801.8
31801.8
31801.8
31801.8
31801.8
31801.8
31801.8
31801.8
31759.4
31759.4
31759.4
31759.4
31759.4
31759.4
31759.4
31759.4
31663.2
31663.2
31663.2
31663.2
31663.2
31663.2
31663.2
31663.2
31663.2
31505.5
31505.5
31505.5
31505.5
31505.5
31458.9
31458.9
31458.9
31458.9
34733.6
34801.6
34801.6
34801.6
34801.6
33764.7
33764.7
32704.3
32704.3
32704.3
32704.3
32704.3
32392.4
32475.6
32475.6
32340.6
32340.6
32163.7
31670.2
31670.2
31670.2
31670.2
31670.2
31670.2
31670.2
31670.2
31670.2
31670.2
31670.2
31670.2
31670.2
31670.2
31670.2
31670.2
31670.2
31670.2
31670.2
31670.2
31538.6
31670.2
31670.2
31670.2
31670.2
31670.2
31670.2
31670.2
31535.2
31440.6
31440.6
31440.6
31440.6
31440.6
31440.6
31440.6
31440.6
31440.6
31440.6
31440.6
31440.6
31440.6
31440.6
31440.6
31440.6
31440.6
31297.6
31440.6
31440.6
31440.6
31440.6
31440.6
31308.9
31423.5
31440.6
31440.6
31440.6
31440.6
31332.8
31440.6
31440.6
31440.6
31440.6
31440.6
31332.8
31440.6
32441.4
32441.4
32441.4
32441.4
32441.4
32441.4
32441.4
32427.7
32441.4
32441.4
32441.4
32441.4
32441.4
32441.4
32441.4
32441.4
32441.4
32417.5
32432.3
32432.3
32432.3
32432.3
32432.3
32432.3
32432.3
32432.3
32418
32418
32418
32418
32418
32418
32275
32168.5
32064.4
32168.5
32275
32275
32275
32275
32275
32275
31910.2
31910.2
31910.2
31910.2
31790.4
31910.2
31910.2
31910.2
31790.4
31790.4
31790.4
31790.4
31790.4
31658.8
31790.4
31790.4
31790.4
31691.7
31790.4
31790.4
31790.4
31790.4
31790.4
31790.4
31790.4
31790.4
31790.4
31790.4
31790.4
31790.4
31790.4
31691.7
31639.3
31639.3
31639.3
31639.3
31639.3
31639.3
31639.3
31639.3
31571.4
31639.3
32352.1
32016.3
32352.1
32352.1
32352.1
32352.1
32352.1
32352.1
32352.1
31971
31971
31971
31767.3
31639.3
31828.9
31971
31971
31971
31971
31971
31971
31965.7
31965.7
31965.7
31965.7
31965.7
31716
31716
31716
31716
31716
31655
31655
31655
31301.1
31655
31655
31655
31655
31366.9
31301.1
31301.1
31301.1
31301.1
31051.6
31301.1
31239.8
31239.8
31239.8
31220.5
31239.8
31239.8
31239.8
31239.8
31208
31208
31208
31208
31208
31208
31208
31208
31208
31208
31208
31208
31208
31058.7
31058.7
31058.7
31008.2
31008.2
30953.8
31008.2
31123
31123
31123
31123
31117.6
31123
31123
31809.6
32482.7
32482.7
32159.5
32447.2
32447.2
32447.2
32447.2
32447.2
32447.2
32447.2
32447.2
32447.2
32447.2
32447.2
32447.2
32304.2
32447.2
32447.2
32447.2
32447.2
32267.1
32447.2
32267.1
32447.2
32447.2
32428.9
32234
32428.9
32428.9
32428.9
32428.9
32428.9
32428.9
32352.3
32352.3
31673.9
31673.9
31673.9
31673.9
31673.9
31511.8
31511.8
31511.8
31511.8
31511.8
31511.8
31511.8
31511.8
31511.8
31511.8
31511.8
31422.2
31409.1
31409.1
31202
31391.7
31055.6
31055.6
31055.6
31055.6
31055.6
31055.6
31039.9
31039.9
31039.9
31039.9
31039.9
31039.9
31039.9
31039.9
31039.9
31039.9
30925.2
30784
30825.1
32024.5
30825.1
31629.8
31629.8
31572.1
31572.1
31572.1
31572.1
31547.5
31298.1
31482.9
31482.9
31447.9
31447.9
31447.9
31447.9
31447.9
31447.9
31447.9
31447.9
31447.9
31447.9
31235.7
31235.7
31235.7
31235.7
31184.7
31228.8
31235.7
31228.8
31214.5
31456.5
31501
31880.5
31880.5
31402.3
31727.9
31825.6
31825.6
31825.6
31825.6
31825.6
31680.1
31661
31629.8
31629.8
31350.5
31350.5
31350.5
31167.4
31167.4
31350.5
31350.5
31239.5
31052.6
31052.6
31052.6
31052.6
30960.1
30947.8
31052.6
31052.6
31052.6
31052.6
31052.6
30947.8
31052.6
31052.6
31428.9
31428.9
31428.9
31428.9
31428.9
31428.9
31428.9
31428.9
31428.9
31428.9
31428.9
31428.9
31428.9
31428.9
31428.9
31428.9
31428.9
31428.9
31428.9
31428.9
31428.9
31428.9
31428.9
31344.2
31344.2
31344.2
31344.2
31344.2
31344.2
31344.2
31344.2
31327.8
31344.2
31344.2
31344.2
31344.2
31344.2
31279.2
31279.2
31279.2
31279.2
31279.2
30664.5
31279.2
31279.2
31279.2
31279.2
31279.2
31279.2
31279.2
31279.2
31279.2
31279.2
31279.2
31223.8
31223.8
31223.8
31195.6
32098.3
32029
31989
31727.4
31727.4
31727.4
31272
31272
31272
31272
31272
31228.7
31272
31248.7
31272
31248.7
31216.7
31172.2
31216.7
31988.6
32925.2
32925.2
32925.2
32925.2
32925.2
32880.6
32880.6
32880.6
32880.6
32822.3
32822.3
32822.3
32822.3
32822.3
32822.3
32722.5
32822.3
33194.5
33131
33131
32990.9
33131
33194.5
33194.5
33194.5
33194.5
33112.3
33112.3
33112.3
33112.3
33112.3
33071.1
33071.1
33071.1
33071.1
33071.1
33000.1
33000.1
32693.7
32693.7
32625.4
32604.1
32564.4
32604.1
32464
32464
32464
32462.9
32141.9
32141.9
32141.9
32141.9
32141.9
32141.9
32141.9
32141.9
32141.9
32141.9
32141.9
32141.9
32141.9
32140.7
32140.7
32140.7
32140.7
32140.7
32140.7
32140.7
32140.7
32140.7
32140.7
32068.2
32068.2
32068.2
32068.2
32068.2
32068.2
32068.2
32068.2
32068.2
32045.5
32045.5
32045.5
32045.5
32045.5
32045.5
32045.5
32045.5
32045.5
31995.6
31869.4
31869.4
31869.4
31869.4
31869.4
31869.4
31869.4
31869.4
31869.4
31869.4
31844.2
31869.4
31869.4
31869.4
31869.4
31869.4
31869.4
31869.4
31064.7
31064.7
31064.7
31064.7
31064.7
31064.7
31064.7
31064.7
31064.7
31064.7
30866.5
30866.5
30866.5
30751.8
30751.8
30751.8
30751.8
30480.7
30480.7
30480.7
30480.7
30332.4
30332.4
30332.4
30332.4
30332.4
30332.4
30332.4
30307.2
30332.4
30264.6
30264.6
30264.6
30264.6
30264.6
30264.6
30264.6
30264.6
30240.7
30240.7
30240.7
30240.7
30240.7
30109.3
30240.7
30240.7
30240.7
30221.8
30186.7
30186.7
30186.7
30104.3
30104.3
30058.8
30058.8
30058.8
29909.1
30058.8
30058.8
30058.8
30058.8
29960.1
29960.1
29960.1
29960.1
29892.2
29892.2
29892.2
29890.1
29767.4
29767.4
29767.4
29767.4
29767.4
29767.4
29767.4
29767.4
29767.4
29767.4
30318.2
30318.2
30318.2
30318.2
30318.2
30318.2
31132.5
31132.5
31132.5
30318.2
30318.2
30318.2
30318.2
30318.2
30318.2
30277.7
30165.4
30437.6
30716.2
30716.2
30584.7
30521
30521
30521
30521
30521
30521
30521
32473
31545.4
31545.4
31545.4
31545.4
31545.4
31545.4
32391.8
32045.4
32045.4
32045.4
32015
31953.5
31936.6
31953.5
32234.6
32362.7
32158.6
32158.6
31960.6
31960.6
31817.2
31201.9
31201.9
31201.9
31149.2
31149.2
30854.9
30854.9
30854.9
30854.9
30854.9
30854.9
30852.9
30854.9
34104.9
34104.9
33829.6
33829.6
32360.1
32360.1
32360.1
32329.7
32297
32360.1
32360.1
32360.1
32360.1
32360.1
32360.1
31809.3
32297
32360.1
32360.1
33313.8
33313.8
33300.6
33313.8
33313.8
32842.5
32535.7
32535.7
32535.7
32535.7
32441.4
32441.4
32441.4
32441.4
32441.4
32441.4
32441.4
32441.4
32298.2
32298.2
32298.2
32298.2
32215.9
32218.2
32137.9
32137.9
32014.1
32014.1
32014.1
31610.5
32014.1
32014.1
32014.1
32014.1
31873.9
31613.3
31532.2
31532.2
31532.2
31481.8
31532.2
31532.2
31532.2
31394.8
31394.8
31394.8
31394.8
31394.8
31251
31251
31183
31251
31075.5
31207.9
32133.8
32133.8
32133.8
32133.8
32133.8
32133.8
32133.8
32133.8
32007.4
31952.8
32007.4
31251
31964.2
31842.8
31842.8
31711.2
31251
31251
31124.6
31124.6
31124.6
31124.6
31124.6
31081.5
31081.5
31081.5
31081.5
31081.5
30921
30921
30921
30921
30921
30921
30921
30921
30875
30904.9
30921
32617.1
32617.1
32617.1
32617.1
32571.6
32571.6
32571.6
32555.9
32555.9
32555.9
32190.3
32725.9
32675.9
32676
32676
32676
32676
32676
32676
32676
32676
32676
32676
32676
32676
32676
32676
32676
32454.8
32108.7
32108.7
32108.7
32108.7
32108.7
32108.7
32108.7
32108.7
32108.7
32108.7
32108.7
32108.7
32108.7
32108.7
32108.7
32108.7
32108.7
32108.7
32108.7
32027
32108.7
32108.7
32108.7
31692.8
31692.8
31499.7
31502.3
31502.3
31502.3
31447.3
31502.3
31502.3
31502.3
31502.3
31005
31493.6
31309.2
31493.6
31892.5
31699.4
31502.3
31502.3
31423.2
31502.3
31502.3
31423.2
31423.2
31423.2
31409
31409
31409
31409
31409
31329.1
31296.9
31143.3
31143.3
30955.3
31143.3
31143.3
31143.3
31143.3
31143.3
31143.3
31143.3
31143.3
31106.4
31106.4
31106.4
31106.4
31038.4
31106.4
31106.4
31072.8
30891.7
30891.7
30891.7
30891.7
30891.7
30891.7
30891.7
30891.7
30880.1
30752.8
30891.7
30891.7
30891.7
30880.1
30891.7
32011.1
32141.6
31966.3
31966.3
31966.3
31966.3
31773.2
31773.2
31729.5
31773.2
31773.2
31773.2
31773.2
31773.2
31160.3
31773.2
31773.2
31773.2
31773.2
31773.2
31773.2
31773.2
31773.2
31773.2
31418.1
31418.1
31418.1
31418.1
31299.2
31418.1
31445.6
33007.4
32967.1
32750
33976.8
34469.3
34405.8
34469.3
34469.3
33691.3
33691.3
33691.3
33691.3
34213.9
34210.2
34213.9
33619.3
33619.3
33619.3
32578.6
33103.7
33082.7
32518.2
32518.2
31955.9
32456
32456
32456
32456
32187.5
32098.2
32098.2
32098.2
32098.2
32098.2
32098.2
31969.2
32098.2
32098.2
32098.2
32098.2
32098.2
31485.3
31485.3
31485.3
31485.3
32098.2
31922.7
32098.2
32098.2
32098.2
32049.8
31913
31913
31913
31300.1
31653.7
31653.7
31653.7
31653.7
31653.7
31395.2
31653.7
31653.7
31653.7
31653.7
31575.1
31575.1
31575.1
31575.1
31575.1
31894.4
31894.4
31718.8
31718.8
31659.7
31718.8
31894.4
31812.5
31894.4
31894.4
31894.4
31894.4
31894.4
31894.4
31894.4
31894.4
31894.4
31570.1
31894.4
31894.4
31835.3
31894.4
31894.4
31894.4
31894.4
31894.4
31894.4
31894.4
31806.8
31806.8
31806.8
31806.8
31806.8
31806.8
31806.8
31806.8
31806.8
31806.8
31806.8
31806.8
31806.8
31782.7
31758.4
31700.5
31700.5
31700.5
31653
31557.9
31557.9
31557.9
31557.9
31557.9
30945
30945
30945
30945
30834.5
31214.5
31364.2
31227.2
31227.2
31154.3
31227.2
31227.2
31017.3
31017.3
31017.3
30706.6
30867.7
31017.3
31964.9
31964.9
31961.1
31961.1
31961.1
31961.1
31961.1
31961.1
31961.1
31927.9
31787.4
31787.4
31787.4
31787.4
31787.4
31787.4
31787.4
31769.3
31787.4
31928.8
31677.2
31882
32836.1
32836.1
32307.4
32307.4
32307.4
32307.4
32307.4
32307.4
32236.3
32234.6
32234.6
32234.6
32234.6
32066.5
32234.6
31897.2
32234.6
32234.6
32234.6
32234.6
32234.6
32093.6
32234.6
32234.6
32234.6
32234.6
32209.7
32234.6
32234.6
32234.6
32234.6
32234.6
32234.6
32234.6
32093.1
32093.1
31905.9
31744.8
31905.9
31905.9
31686.2
31784.9
31784.9
31784.9
31729.6
31784.9
32631.4
32631.4
32631.4
32631.4
32514.4
32514.4
32514.4
32497.2
32497.2
32422
32422
32422
32422
32422
32422
32413.1
32413.1
32413.1
32413.1
32413.1
32130.9
32130.9
32130.9
31820.1
31820.1
31820.1
31820.1
31762.8
31762.8
31762.8
31762.8
31762.8
31762.8
31337.4
31457.9
31762.8
31762.8
31762.8
31631.2
31762.8
31762.8
31762.8
31762.8
31762.8
31762.8
31739.4
31762.8
31728.5
31716.8
31728.5
31728.5
31728.5
31728.5
31728.5
31303.1
31728.5
31711.6
31587.6
30919.2
31638.3
31681.2
31681.2
31681.2
31681.2
31681.2
31681.2
31681.2
31681.2
31681.2
31681.2
31681.2
31670.9
31681.2
31681.2
31681.2
31681.2
31681.2
31613.4
31681.2
31681.2
31626.3
31681.2
31681.2
31681.2
31681.2
31681.2
31681.2
31681.2
31681.2
31681.2
31681.2
31681.2
31422.7
31681.2
31681.2
31681.2
31681.2
31638.9
31638.9
31638.9
31264.1
31264.1
31264.1
31264.1
31264.1
31264.1
31264.1
31264.1
31264.1
31131.5
31131.5
31131.5
31131.5
31131.5
31087.9
30990.5
30963.2
30476.3
30476.3
30476.3
30476.3
30476.3
30476.3
30476.3
30476.3
30476.3
30476.3
30476.3
30476.3
30042.8
30335.4
30335.4
30335.4
30203.9
30335.4
30335.4
30335.4
30335.4
30335.4
30335.4
30335.4
29902
29902
29902
29902
29902
29902
29734
29902
29902
29902
29777.3
29777.3
29777.3
29777.3
29777.3
29777.3
29727.1
29777.3
29752.7
29752.7
29752.7
29752.7
29611.8
29611.8
29586.8
29611.8
29551.5
29551.5
29551.5
29551.5
29441.2
29441.2
29429.4
29429.4
29429.4
29429.4
29429.4
29429.4
29429.4
29429.4
29429.4
29266.2
29428
29668.9
30374.9
30374.9
30374.9
30374.9
30176.5
30374.9
29695.5
30374.9
30176.5
30061.7
30176.5
30176.5
30176.5
30176.5
30176.5
30176.5
30176.5
29903
29903
29903
29903
29903
29903
29903
29674.1
29674.1
29674.1
29674.1
29641.8
29641.8
29641.8
29641.8
29641.8
29423.8
29423.8
29423.8
29423.8
29423.8
29423.8
29423.8
29423.8
29354.1
29354.1
29354.1
29354.1
29354.1
29319.2
29319.2
29302
29354.1
29354.1
31292.7
31292.7
31292.7
31292.7
31182.3
31182.3
30066.5
30607.1
30566.4
29706.9
29706.9
29706.9
29706.9
29706.9
29706.9
29706.9
29706.9
29609.8
29706.9
29706.9
29706.9
29706.9
30227.1
30106.1
30106.1
30106.1
30009
30009
30009
30009
30009
30009
30009
30009
30009
30009
30009
30009
30009
29974
29974
29974
29974
29956.8
29956.8
29956.8
29956.8
29404.4
29404.4
29255.3
29386.5
29548.3
29513.4
29252.8
29513.4
29513.4
29513.4
29389.7
29513.4
29513.4
30897.2
30897.2
30377.1
30377.1
30377.1
30266.4
30266.4
30088
30266.4
30266.4
30266.4
30266.4
30192.5
30266.4
30265.1
30921.1
30921.1
30787.8
30921.1
30921.1
30903.2
30804.5
30903.2
30903.2
30903.2
30903.2
30903.2
30835.1
30840.9
30632
30840.9
30279.5
30279.5
29887.3
29887.3
29887.3
29887.3
29887.3
29887.3
29887.3
29887.3
29859.9
29854.4
29854.4
29719
29854.4
30126.6
30126.6
30126.6
30126.6
30126.6
29991.5
29991.5
29871.3
29871.3
29871.3
29722.2
29871.3
29871.3
29871.3
29871.3
31077.7
31069.9
30867.9
31145.7
30970.1
31145.7
30932.3
30932.3
30932.3
30932.3
30551.4
30551.4
30551.4
30551.4
30526.2
30375.9
30375.9
30226.7
30226.7
30226.7
30226.7
29722.9
30226.7
30021.1
30021.1
29722.9
29722.9
29722.9
29722.9
29722.9
29722.9
29689.7
29722.9
29722.9
29722.9
29722.9
29722.9
29722.9
29722.9
29722.9
29722.9
29127.9
29689.7
29482.4
29689.7
29689.7
29675.6
29469.5
29675.6
29675.6
29675.6
29675.6
29675.6
30065.4
30065.4
30065.4
30065.4
30065.4
30065.4
29920.6
30065.4
30843.7
30839.8
30843.7
30689.1
30843.7
30961.3
30961.3
30961.3
30961.3
30961.3
30784.8
30350
30350
30198.3
30350
30350
30350
30350
30350
30350
30350
30350
30350
30350
30034
30034
30034
30034
30034
30034
30034
30034
30034
30034
30034
30034
30034
29977
29912.4
29912.4
29912.4
29890.7
29738.1
29912.4
29912.4
29912.4
29912.4
29912.4
29912.4
29912.4
29912.4
29751.5
29745.4
29648.5
29912.4
29912.4
29912.4
29751.5
29751.5
29751.5
29751.5
29751.5
29751.5
29751.5
29751.5
29751.5
29751.5
29751.5
29544.2
29683.5
29493
29493
29493
29493
29493
29493
29493
29493
29493
29285.7
29285.7
29285.7
29285.7
29285.7
29285.7
29159.7
29285.7
29285.7
28690.7
28730.9
28730.9
28730.9
28578.7
28578.7
28578.7
28578.7
28578.7
28578.7
28578.7
28578.7
28578.7
28578.7
28578.7
28578.7
28578.7
28578.7
28578.7
28578.7
28384.7
28384.7
28384.7
28384.7
28384.7
28384.7
28384.7
28201.5
28346.2
28346.2
28295.4
28295.4
28295.4
28295.4
28243
28243
28243
28121.6
28243
28167.4
28167.4
28167.4
28167.4
28167.4
28167.4
28015.6
28167.4
28167.4
28167.4
28167.4
28167.4
28167.4
28167.4
28167.4
28167.4
28015.6
28015.6
28015.6
28015.6
28015.6
27911.6
27911.6
27911.6
27911.6
27911.6
27911.6
27911.6
27911.6
27911.6
27911.6
27911.6
27911.6
27911.6
27911.6
27911.6
27911.6
27911.6
27911.6
27911.6
27911.6
27911.6
27911.6
27807.5
27911.6
30464.6
30464.6
30135.3
29868.5
29337.9
29337.9
29337.9
29124.6
29337.9
29124.6
29124.6
28992.3
28992.3
28139.5
28607.9
28139.5
28139.5
28030.7
28139.5
27807.5
28139.5
28139.5
28139.5
28139.5
28139.5
28139.5
28992.3
28865.3
28915.2
28992.3
28351.9
28344.6
28344.6
28344.6
28344.6
28169.6
28169.6
28169.6
28042.3
28042.3
28042.3
28042.3
28042.3
28042.3
28042.3
28042.3
28042.3
28042.3
28042.3
28042.3
28042.3
27891.3
28042.3
27891.3
27891.3
27891.3
27891.3
27723
27891.3
27891.3
27891.3
27891.3
27891.3
27866
27866
27840.8
27697.8
28151.8
28744.8
28840.6
28840.6
28840.6
28840.6
28840.6
28816.4
28840.6
28840.6
28840.6
28840.6
28840.6
28721.3
28840.6
28840.6
28840.6
28309.6
28309.6
28309.6
28309.6
28121.3
28095.6
28121.3
28121.3
28121.3
28121.3
28121.3
28121.3
28121.3
28121.3
28008.1
28008.1
28008.1
28008.1
28008.1
28008.1
28008.1
28008.1
28008.1
28008.1
28008.1
28008.1
27899.3
27899.3
27899.3
27899.3
27884.9
27899.3
27899.3
27899.3
27899.3
27840.9
27506
27506
27506
27506
27506
27506
27506
27506
27506
27506
27475.6
27506
27506
27506
27506
27506
27475.6
27475.6
27475.6
27475.6
27475.6
27475.6
27475.6
27475.6
27475.6
27475.6
27475.6
27396.7
27475.6
27475.6
27475.6
27475.6
27475.6
27475.6
27450.5
27475.6
27475.6
27475.6
27475.6
27470.7
27475.6
28708.5
28214
27622.8
28034.2
27837.2
27837.2
27837.2
27837.2
27837.2
27837.2
27837.2
27759.7
27837.2
27837.2
27837.2
27837.2
27837.2
27837.2
27837.2
27837.2
27775.4
27837.2
27837.2
27837.2
27837.2
27837.2
27837.2
27837.2
27765
27777.7
27837.2
27837.2
27837.2
27837.2
27837.2
27837.2
27837.2
27837.2
27837.2
27837.2
27828.1
27837.2
27832.6
27832.6
27832.6
27832.6
27832.6
27832.6
27832.6
27832.6
27832.6
27726.6
27832.6
27832.6
27832.6
27832.6
27832.6
27832.6
27655.2
27655.2
27655.2
27655.2
27655.2
27655.2
27655.2
27655.2
27655.2
27655.2
27580.7
27655.2
27655.2
27655.2
27655.2
27655.2
27655.2
27655.2
27580.7
27580.7
27580.7
27559.5
27559.5
27559.5
27559.5
27559.5
27559.5
27524.9
27524.9
27419.6
27419.6
27419.6
27419.6
27419.6
27288
27062.6
27062.6
27062.6
27062.6
27062.6
27062.6
27062.6
27062.6
27062.6
27062.6
27062.6
27062.6
27062.6
27062.6
27062.6
27062.6
27062.6
27062.6
27062.6
27062.6
27062.6
27062.6
27062.6
26901.6
27062.6
27062.6
27062.6
27062.6
27062.6
27062.6
27062.6
27062.6
27062.6
27062.6
27062.6
27053.9
27053.9
27053.9
27053.9
27053.9
27053.9
27053.9
27036.3
27053.9
27053.9
27053.9
27053.9
27053.9
27053.9
27053.9
27053.9
26922.4
26857.5
26922.4
26857.5
26857.5
26857.5
26857.5
26857.5
26857.5
26857.5
26857.5
26857.5
26857.5
26857.5
26857.5
26857.5
26857.5
26857.5
26857.5
26857.5
26857.5
26857.5
26857.5
26857.5
26857.5
26778.4
26857.5
26857.5
26857.5
26857.5
26857.5
26857.5
26857.5
26857.5
26857.5
26857.5
26857.5
26857.5
26857.5
26857.5
26857.5
26857.5
26857.5
26857.5
26857.5
26857.5
26857.5
26857.5
26857.5
26857.5
26857.5
26857.5
26857.5
26857.5
26857.5
26857.5
26857.5
26857.5
26857.5
26857.5
26857.5
26857.5
26857.5
26857.5
26857.5
26857.5
26857.5
26857.5
26857.5
26857.5
26857.5
26857.5
26857.5
26857.5
26857.5
26857.5
26857.5
26857.5
26857.5
26857.5
26857.5
26857.5
26857.5
26857.5
26857.5
26857.5
26815.9
26781.9
26781.9
26781.9
26781.9
26781.9
26781.9
26781.9
26781.9
26781.9
26781.9
26781.9
26781.9
26781.9
26781.9
26781.9
26781.9
26781.9
26781.9
26781.9
26781.9
26781.9
26781.9
26781.9
26781.9
26781.9
26781.9
26781.9
26781.9
26781.9
26781.9
26781.9
26781.9
26781.9
26781.9
26781.9
26781.9
26781.9
26781.9
26781.9
26781.9
26781.9
26781.9
26781.9
26781.9
26781.9
26781.9
26781.9
26781.9
26781.9
26781.9
26781.9
26781.9
26781.9
26781.9
26781.9
26781.9
26781.9
26781.9
26781.9
26781.9
26781.9
26781.9
26781.9
26781.9
26764.9
26781.9
26781.9
26764.9
26764.9
26764.9
26764.9
26764.9
26764.9
26764.9
26764.9
26764.9
26687.4
26764.9
26764.9
26764.9
26764.9
26764.9
26764.9
26764.9
26764.9
26764.9
26764.9
26764.9
26764.9
26764.9
26764.9
26764.9
26764.9
26764.9
26764.9
26764.9
26764.9
26764.9
26764.9
26764.9
26764.9
26764.9
26764.9
26764.9
26764.9
26764.9
26764.9
26764.9
26764.9
26764.9
26764.9
26764.9
26764.9
26764.9
26764.9
26764.9
26764.9
26764.9
26764.9
26764.9
26764.9
26764.9
26764.9
26764.9
26764.9
26764.9
26764.9
26764.9
26764.9
26764.9
26764.9
26764.9
26764.9
26764.9
26764.9
26764.9
26764.9
26764.9
26764.9
26764.9
26764.9
26764.9
26764.9
26764.9
26764.9
26692.7
26692.7
26692.7
26692.7
26692.7
26692.7
26651.4
26651.4
26651.4
26611.7
26651.4
26651.4
26651.4
26651.4
26651.4
26651.4
26651.4
26651.4
26651.4
26651.4
26651.4
26651.4
26651.4
26651.4
26651.4
26651.4
27068
27068
27068
27068
27068
27068
27068
27068
26959.2
26959.2
26939.5
26959.2
27043
27043
27043
27043
26888.8
26888.8
26888.8
26888.8
26888.8
26888.8
26888.8
26888.8
26888.8
26888.8
26888.8
26888.8
26888.8
26888.8
26888.8
26888.8
26888.8
26528.2
26888.8
26888.8
26888.8
26888.8
26888.8
26888.8
26888.8
26888.8
26888.8
26888.8
26888.8
26888.8
26888.8
26888.8
26888.8
26830.8
26830.8
26830.8
26830.8
26830.8
26780.9
26830.8
26830.8
26830.8
26830.8
26830.8
26830.8
26669.8
26669.8
26669.8
26669.8
26669.8
26669.8
26591.3
26669.8
26669.8
26497.3
26497.3
26497.3
26497.3
26497.3
26497.3
26497.3
26497.3
26497.3
26497.3
26497.3
26497.3
26472
26497.3
26497.3
26497.3
26497.3
26497.3
26497.3
26497.3
26497.3
26497.3
26497.3
26497.3
26497.3
26497.3
26497.3
26497.3
26497.3
26497.3
26497.3
26497.3
26497.3
26497.3
26497.3
26497.3
26497.3
26497.3
26497.3
26497.3
26497.3
26497.3
26497.3
26497.3
26497.3
26497.3
26497.3
26497.3
26475.1
26497.3
26497.3
26447.8
26355.2
26355.2
26346
26355.2
26355.2
26355.2
26355.2
26355.2
26355.2
26355.2
26355.2
26355.2
26355.2
26355.2
26355.2
26355.2
26355.2
26355.2
26355.2
26355.2
26219.8
26219.8
26219.8
26219.8
26219.8
26219.8
26219.8
26219.8
26219.8
26219.8
26219.8
26219.8
26219.8
26219.8
26219.8
26219.8
26219.8
26219.8
26175.7
26219.8
26219.8
26194.3
26219.8
26219.8
26219.8
26219.8
26219.8
26219.8
26219.8
26219.8
26219.8
26219.8
26219.8
26219.8
26219.8
26219.8
26219.8
26219.8
26219.8
26219.8
26219.8
26219.8
26188
26188
26188
26183.4
26147.9
26147.9
26147.9
26147.9
26103.8
26103.8
26103.8
26103.8
26103.8
26093.8
26093.8
26093.8
26093.8
26093.8
26093.8
26093.8
26093.8
26093.8
26093.8
26093.8
26093.8
26093.8
26093.8
26044.3
26093.8
26093.8
26093.8
26093.8
26093.8
26026.5
26093.8
26093.8
25991.6
25868.2
25991.6
25991.6
25991.6
25991.6
25991.6
25991.6
25983.4
25991.6
25991.6
25991.6
25991.6
25991.6
25991.6
25991.6
25991.6
25991.6
25991.6
25991.6
25991.6
25991.6
25991.6
25991.6
25991.6
25991.6
25991.6
25991.6
25991.6
25991.6
25991.6
25991.6
25991.6
25991.6
25991.6
25991.6
25991.6
25991.6
25991.6
25991.6
25966
25991.6
25991.6
25991.6
25991.6
25991.6
25991.6
25991.6
25991.6
25991.6
25991.6
25991.6
25991.6
25991.6
25991.6
25991.6
25991.6
25991.6
25991.6
25991.6
25991.6
25991.6
25991.6
25991.6
25991.6
25991.6
25991.6
25991.6
25991.6
25991.6
25991.6
25991.6
25991.6
25991.6
25991.6
25991.6
25991.6
25991.6
25966
25966
25966
25966
25966
25966
25966
25966
25966
25966
25966
25822.6
25773.1
25773.1
25773.1
25662.1
25773.1
25773.1
25773.1
25773.1
25773.1
25773.1
25773.1
25773.1
25773.1
25773.1
25773.1
25773.1
25773.1
25773.1
25773.1
25773.1
25773.1
25773.1
25773.1
25773.1
25773.1
25773.1
25773.1
29033.1
28701.5
26547.2
29033.1
29033.1
29033.1
29033.1
29033.1
29033.1
27067.1
27067.1
27067.1
27067.1
27067.1
27067.1
27067.1
26934.4
26934.4
26934.4
26934.4
26934.4
26895.8
26895.8
26895.8
26895.8
26895.8
26895.8
26895.8
26895.8
26718.2
26718.2
26718.2
26718.2
26718.2
26718.2
26718.2
26718.2
26718.2
26718.2
26718.2
26718.2
26718.2
26718.2
26718.2
26718.2
26718.2
26718.2
26718.2
26697.6
26631.5
26631.5
26631.5
26631.5
26631.5
26631.5
26631.5
26631.5
26631.5
26631.5
26631.5
26631.5
26631.5
26631.5
26631.5
26631.5
26631.5
27238.9
27238.9
27238.9
27238.9
27238.9
27238.9
27238.9
27238.9
27238.9
27238.9
27238.9
26883.9
27188.4
27188.4
27188.4
27188.4
27188.4
27188.4
27188.4
27188.4
27051.3
27188.4
27051.3
27051.3
27051.3
26988
26988
26988
26988
26752.1
26752.1
26752.1
26752.1
26752.1
26752.1
26752.1
26752.1
26752.1
26752.1
26752.1
26746.8
26752.1
26752.1
26660.5
26660.5
26660.5
26622.2
26459.1
26592.4
27660.8
27198.3
27069.3
27069.3
27069.3
27069.3
26777.4
26777.4
26777.4
26777.4
26777.4
26777.4
26777.4
26777.4
26777.4
26777.4
26777.4
26777.4
26777.4
26777.4
26767.2
26777.4
26777.4
26777.4
26734.4
26777.4
26777.4
26777.4
26777.4
26777.4
26777.4
26777.4
26777.4
26777.4
26767.2
26777.4
26777.4
26777.4
26734.4
26341.8
26734.4
26777.4
26777.4
26777.4
26777.4
26777.4
26777.4
26777.4
26777.4
26777.4
26777.4
26777.4
26777.4
26777.4
26777.4
26777.4
26777.4
26777.4
26777.4
26777.4
26777.4
26777.4
26777.4
26777.4
26767.9
26691.6
26691.6
26691.6
26691.6
26691.6
26691.6
26691.6
26691.6
26691.6
26691.6
26691.6
26691.6
26691.6
26691.6
26691.6
26691.6
26691.6
26616.3
26616.3
26616.3
26616.3
26573.3
26573.3
26573.3
26361.9
26160.3
26573.3
26573.3
26160.3
25843
25843
25843
25843
25843
25843
25843
25843
25843
26050.5
26050.5
26050.5
26050.5
26050.5
26050.5
26050.5
26050.5
26050.5
26050.5
26050.5
26050.5
26050.5
26050.5
26050.5
26050.5
26050.5
26050.5
26050.5
26050.5
26050.5
25998.4
25998.4
25998.4
25998.4
25998.4
25998.4
25970.6
25970.6
25970.6
25970.6
25970.6
25970.6
25970.6
25970.6
25857.5
25857.5
25857.5
25857.5
25857.5
25857.5
25857.5
25857.5
25857.5
25857.5
25857.5
25857.5
25857.5
25686.9
25857.5
25857.5
25857.5
25857.5
25857.5
25857.5
25857.5
25857.5
25857.5
25857.5
25855.4
25855.4
25855.4
25855.4
25855.4
25855.4
25855.4
25855.4
25855.4
25855.4
25855.4
25855.4
25855.4
25855.4
25855.4
25855.4
25855.4
25855.4
25855.4
25855.4
25855.4
25855.4
25855.4
25855.4
25855.4
25855.4
25855.4
25855.4
25855.4
25855.4
25855.4
25855.4
25855.4
25855.4
25855.4
25825.7
25855.4
25855.4
25855.4
25855.4
25855.4
25855.4
25855.4
25855.4
25855.4
25855.4
