1
11.542 221.4
31.850 170.2
70.634 180.0
113.521 178.4
150.455 193.7
190.098 89.0
193.730 252.4
242.400 179.5
285.534 300.4
292.989 199.1
350.353 60.6
364.331 303.2
388.212 143.4
402.424 234.8
410.249 235.4
472.072 103.0
474.532 308.2
552.985 59.8
556.551 116.2
599.572 181.2
623.942 169.5
647.515 123.9
679.744 162.1
683.889 131.3
696.719 63.7
777.333 218.4
787.088 158.4
836.695 252.1
896.179 114.1
905.814 211.2
931.330 118.0
938.558 40.6
1002.263 109.8
1021.356 134.1
1060.658 217.7
1078.359 251.4
1090.905 159.5
1124.738 88.2
1167.747 262.8
1249.120 121.4
1250.924 196.4
1254.775 91.1
1262.314 105.6
1304.428 156.4
1346.495 96.8
1382.177 63.3
1383.766 117.6
1454.246 254.3
1473.705 174.5
1541.130 52.9
1563.259 230.6
1572.701 93.3
1575.078 177.2
1617.353 257.9
1619.052 208.8
1655.291 108.4
1704.538 172.1
1770.413 79.5
1796.428 186.8
1807.342 242.0
1852.789 49.8
1858.460 190.4
1906.565 147.7
1927.642 191.1
1937.186 92.1
1986.390 176.6
1996.661 185.4
2030.010 171.7
2060.278 139.1
2097.654 243.1
2101.155 127.7
2128.063 211.7
2207.263 169.7
2227.960 91.3
2236.024 136.9
2247.265 137.8
2271.742 226.3
2313.585 174.4
2322.808 118.3
2366.110 180.4
2404.150 169.1
2405.749 138.4
2427.400 97.4
2464.948 146.2
2566.671 102.2
2581.331 67.3
2590.666 193.6
2617.199 105.2
2623.204 157.6
2646.162 203.9
2672.037 135.1
2719.838 298.4
2781.235 125.2
2788.375 219.1
2854.268 145.2
2871.711 130.7
2886.937 112.8
2909.866 100.9
2943.034 206.2
2962.745 127.1
3044.932 251.8
3048.473 101.3
3055.648 103.3
3071.696 232.9
3099.726 58.2
3207.230 134.6
3215.605 82.2
3231.476 122.3
3258.224 165.9
3276.276 154.6
3307.085 139.2
3381.969 114.1
3399.493 160.9
3413.174 169.9
3431.874 189.5
3439.969 153.1
3471.345 239.4
3481.970 140.1
3485.255 87.7
3534.750 43.2
3565.570 88.5
3592.612 99.9
3603.013 111.7
3633.105 84.3
3664.035 187.5
3703.507 213.2
3726.488 107.1
3785.321 230.8
3814.636 139.4
3857.596 176.0
3905.642 211.6
3914.664 240.6
3945.849 91.2
4014.105 75.5
4025.554 173.3
4052.497 198.6
4081.421 245.0
4141.390 223.0
4147.670 178.4
4166.971 253.3
4174.133 73.8
4222.872 152.9
4262.340 162.7
4271.484 193.5
4296.188 123.1
4302.550 103.1
4385.213 28.6
4390.111 130.1
4397.938 257.2
4497.250 77.2
4516.919 247.8
4526.398 117.2
4565.003 128.8
4578.334 211.5
4581.950 125.0
4636.856 160.9
4647.320 322.9
4707.196 253.7
4741.407 76.2
4771.666 171.5
4898.831 276.3
4898.988 259.3
4925.898 144.8
4926.768 103.4
4941.307 160.9
4957.525 196.8
5011.852 156.3
5016.829 146.7
5064.356 213.2
5095.867 103.7
5143.641 287.0
5143.936 141.4
5146.227 237.9
5196.011 197.6
5245.849 362.9
5254.893 161.9
5277.353 110.9
5353.733 119.5
5374.614 107.2
5376.151 144.9
5383.075 100.5
5398.475 205.8
5411.795 158.9
5423.603 88.5
5511.714 145.6
5531.025 218.8
5556.387 257.5
5576.472 166.4
5621.284 251.5
5687.860 87.5
5714.795 234.2
5744.891 223.6
5760.805 103.2
5760.833 193.1
5771.637 293.7
5849.485 195.8
5885.096 164.4
5889.976 134.2
5899.503 61.8
5950.489 222.0
5953.558 228.9
6030.138 93.9
6045.600 105.7
6046.222 238.5
6060.545 281.6
6065.973 149.7
6073.753 61.5
6161.921 156.8
6276.522 111.3
6360.151 69.3
6406.414 202.2
6422.934 109.3
6428.384 112.4
6467.503 103.2
6474.955 105.0
6476.156 211.6
6476.222 99.3
6527.261 237.8
6561.709 145.3
6567.705 137.9
6626.417 126.1
6658.401 182.2
6665.351 122.9
6696.509 112.6
6722.126 198.8
6741.011 187.3
6783.069 143.0
6817.654 345.3
6838.704 216.3
6852.181 184.4
6910.620 70.0
6919.448 133.8
6928.124 143.2
6977.154 259.3
6983.941 258.9
6999.150 187.5
7076.206 168.6
7102.549 198.0
7154.161 125.8
7171.733 167.6
7176.556 117.5
7177.410 300.6
7177.641 106.7
7386.023 168.4
7400.778 87.8
7415.375 97.4
7420.226 48.6
7426.726 128.4
7436.872 94.7
7473.805 223.8
7531.788 187.2
7544.576 207.3
7583.051 85.3
7644.648 136.5
7662.242 312.2
7696.760 194.9
7719.349 153.2
7756.447 110.6
7778.642 128.3
7813.183 310.3
7818.390 122.3
7845.558 154.4
7872.924 83.0
7921.141 222.5
7926.282 259.3
7942.086 238.8
7944.274 256.2
7976.077 307.1
7997.003 180.2
8017.882 216.0
8031.239 151.7
8054.938 189.1
8113.713 143.8
8144.847 176.3
8252.919 84.3
8259.455 97.5
8271.061 22.7
8285.072 131.9
8364.153 227.0
8367.068 114.1
8388.943 40.7
8392.427 149.7
8430.432 137.5
8450.001 91.5
8473.613 109.6
8514.919 113.8
8547.712 181.3
8596.310 169.4
8645.146 148.8
8660.066 104.4
8759.216 162.0
8786.148 157.2
8800.000 112.8
8831.575 127.3
8840.126 161.3
8958.481 150.0
8991.479 174.0
9009.176 81.2
9009.677 105.4
9048.358 77.8
9086.552 234.9
9117.748 199.8
9131.664 198.8
9137.597 236.1
9193.838 105.4
9238.199 88.4
9258.775 394.4
9283.750 54.7
9314.830 181.9
9353.005 131.8
9364.681 203.2
9371.545 182.0
9396.155 101.8
9417.528 35.0
9424.307 154.3
9486.879 183.3
9496.193 121.2
9577.466 96.2
9585.372 164.1
9591.022 172.4
9596.589 170.4
9656.204 185.9
9674.301 242.2
9724.164 162.5
9785.839 137.9
9805.675 99.2
9807.015 114.9
9810.422 236.5
9839.697 176.1
9858.320 131.7
9863.347 88.1
9865.879 294.4
9921.753 116.4
9963.721 83.9
10009.623 65.6
10069.576 27.2
10082.247 198.3
10122.386 148.4
10158.831 169.5
10183.471 80.8
10184.845 154.2
10190.747 122.1
10206.849 186.7
10272.335 82.0
10273.582 103.0
10278.756 246.1
10369.454 103.8
10406.377 243.1
10430.796 176.8
10448.933 164.7
10538.494 179.0
10561.872 188.2
10628.269 69.4
10632.119 173.1
10633.098 190.6
10635.412 83.7
10692.801 110.4
10745.692 213.8
10753.270 176.9
10774.312 138.2
10803.398 107.1
10863.683 131.9
10872.587 239.2
10907.401 267.2
10983.594 247.3
10996.784 143.9
11002.109 140.5
11005.488 259.8
11015.403 196.6
11029.904 240.7
11031.284 194.0
11044.146 156.3
11084.696 88.9
11100.991 135.5
11121.911 195.0
11160.903 99.4
11220.030 199.3
11257.202 265.8
11290.413 113.6
11295.946 41.8
11362.088 196.6
11457.030 102.8
11461.652 165.6
11489.022 226.1
11548.777 187.7
11618.891 66.9
11649.589 73.6
11662.298 109.8
11723.970 209.1
11747.565 133.1
11761.376 172.4
11787.523 182.3
11803.204 173.8
11829.970 231.1
11843.074 54.8
11862.328 178.2
11888.279 116.1
11946.468 85.8
11955.203 199.1
11956.006 135.2
11967.237 162.8
12083.957 105.0
12104.294 137.0
12144.644 191.3
12152.120 298.4
12177.896 131.3
12203.639 105.2
12214.006 226.4
12248.292 132.3
12275.261 131.3
12289.942 123.0
12317.723 209.7
12344.083 214.6
12355.939 217.8
12366.442 147.8
12488.826 158.8
12540.152 137.2
12541.295 222.4
12551.424 326.1
12585.116 123.7
12602.504 286.0
12653.978 95.5
12667.403 78.0
12713.941 210.5
12728.312 209.2
12783.377 192.5
12789.497 140.5
12826.685 272.4
12837.608 199.2
12845.447 60.8
12891.412 219.2
12946.907 197.8
12977.294 133.3
13001.155 305.6
13011.811 159.3
13038.570 116.3
13143.712 293.9
13155.677 189.2
13170.312 65.2
13180.513 173.5
13194.010 114.7
13211.467 40.8
13236.176 135.1
13301.472 173.7
13344.402 242.3
13410.213 190.9
13436.255 63.2
13445.583 65.0
13470.761 204.0
13485.532 141.0
13521.865 76.3
13531.217 242.2
13533.816 124.7
13556.901 210.2
13558.140 47.1
13572.815 94.8
13598.755 87.5
13629.090 259.0
13666.670 126.3
13704.651 77.2
13708.682 132.2
13816.647 178.6
13835.592 193.9
13860.933 231.3
13862.835 124.2
13893.791 124.7
13938.899 159.3
13966.003 44.3
13996.423 210.5
14055.103 191.1
14065.908 77.3
14074.483 146.5
14087.074 293.0
14148.518 237.3
14214.751 85.0
14215.710 77.8
14237.568 199.9
14280.346 141.0
14379.944 85.9
14420.772 112.1
14433.369 132.2
14435.910 223.0
14475.673 143.4
14486.500 235.4
14514.195 215.5
14593.493 182.7
14625.619 276.6
14675.582 208.0
14686.368 144.7
14733.120 148.2
14744.960 124.5
14751.324 179.3
14852.086 114.3
14865.287 121.2
14901.222 86.2
14913.232 133.0
14920.099 241.0
14957.002 51.8
14985.285 125.2
14997.050 165.8
15003.589 89.3
15006.309 239.8
15012.890 227.0
15024.322 186.0
15147.986 119.7
15151.318 95.5
15162.370 152.8
15235.981 91.6
15258.949 123.6
15303.803 171.4
15305.617 212.3
15329.796 192.4
15388.168 68.8
15388.636 108.7
15398.671 99.1
15409.181 51.7
15488.020 151.0
15504.526 154.7
15505.598 116.5
15690.196 150.4
15722.517 74.8
15724.408 226.0
15754.606 87.9
15802.792 240.9
15813.641 320.2
15814.542 94.6
15918.322 160.5
15941.960 194.5
15957.420 68.5
15986.073 171.6
16039.535 145.1
16040.154 119.5
16116.296 132.7
16142.611 152.0
16204.635 103.3
16225.415 152.7
16239.551 190.7
16245.606 73.3
16247.735 249.5
16261.512 121.2
16300.779 54.1
16312.193 117.4
16345.489 205.2
16351.376 199.6
16353.719 49.2
16368.575 265.0
16468.433 214.8
16474.541 191.7
16477.824 321.2
16504.759 124.9
16512.254 86.1
16523.201 95.1
16534.484 271.0
16563.837 161.0
16585.436 153.0
16594.444 120.4
16662.602 65.9
16728.776 241.0
16759.093 99.0
16806.080 234.1
16808.182 187.0
16826.781 176.6
16890.352 124.1
16963.376 132.7
16974.073 162.4
16992.382 97.8
16993.035 133.0
17011.364 45.5
17025.284 162.3
17080.128 233.3
17150.631 70.5
17152.325 139.8
17174.942 118.0
17223.209 148.3
17257.174 200.1
17264.695 146.9
17286.101 122.3
17291.932 155.5
17340.989 219.7
17373.307 105.2
17380.217 110.8
17408.343 141.8
17431.633 197.8
17435.829 86.5
17442.452 133.1
17449.350 167.8
17455.926 155.6
17484.335 139.0
17486.911 160.4
17507.773 138.4
17587.699 99.0
17690.219 95.5
17691.512 153.0
17698.151 183.4
17723.450 196.6
17816.632 143.8
17824.310 156.0
17834.389 256.1
17956.912 79.3
18056.683 129.4
18061.787 114.9
18120.477 192.2
18160.478 137.7
18175.421 133.2
18182.876 134.7
18213.038 123.6
18220.242 209.4
18252.981 143.4
18260.159 103.0
18280.729 104.9
18281.732 210.1
18301.287 154.7
18389.541 52.4
18396.998 52.6
18414.969 172.0
18445.746 165.7
18456.238 131.6
18479.397 121.2
18497.997 98.2
18501.039 145.7
18519.771 165.1
18544.905 233.9
18627.666 161.5
18658.858 57.8
18692.552 221.8
18827.089 148.0
18833.249 316.7
18839.784 168.4
18916.397 134.1
18916.704 201.3
18936.510 89.1
19013.719 231.8
19085.201 78.0
19096.634 182.1
19122.095 195.6
19122.546 101.0
19133.809 137.4
19138.896 218.4
19160.847 170.5
19212.896 164.0
19213.630 102.9
19248.522 218.9
19273.029 138.8
19348.860 157.2
19394.557 83.2
19406.323 285.2
19485.078 215.7
19507.136 247.4
19512.933 207.6
19527.822 274.5
19531.856 182.4
19571.580 85.7
19586.289 230.6
19629.278 98.5
19640.583 92.5
19698.474 88.3
19743.313 132.0
19754.281 114.2
19764.926 153.1
19811.484 219.7
19836.947 183.7
19848.346 210.8
19882.574 184.1
19894.616 107.3
19905.948 352.2
19912.771 66.0
19996.556 76.9
20007.044 180.7
20013.007 98.1
20081.471 197.2
20085.912 152.1
20122.434 226.9
20140.475 108.0
20162.832 250.3
20176.933 107.8
20208.503 179.8
20234.112 195.1
20266.351 117.9
20277.431 107.4
20349.173 102.7
20350.811 90.2
20404.092 843.7
20416.572 124.6
20418.786 179.5
20436.837 234.9
20452.023 157.5
20476.042 241.9
20483.120 131.0
20484.046 122.7
20499.130 86.9
20591.300 175.3
20701.884 62.3
20754.167 244.1
20796.443 87.4
20798.421 262.4
20886.466 203.3
20910.240 59.0
20931.439 98.0
20980.315 340.6
21067.520 158.4
21090.807 114.4
21114.425 91.8
21129.240 152.7
21159.176 238.9
21164.085 187.8
21218.510 116.3
21313.232 122.9
21320.421 56.0
21348.017 140.5
21394.446 74.6
21445.419 108.3
21450.147 225.2
21454.798 189.3
21469.292 163.0
21483.648 151.4
21497.959 138.4
21507.822 153.9
21517.612 123.9
21527.671 116.4
21566.523 217.4
21571.947 186.5
21622.287 83.3
21644.185 73.3
21713.050 171.9
21807.572 126.1
21827.931 195.2
21901.264 90.4
21931.293 143.8
22009.039 151.7
22021.877 99.1
22036.554 85.6
22044.403 98.6
22061.134 297.6
22074.443 205.8
22085.037 130.3
22138.448 247.6
22140.066 120.8
22140.851 91.4
22218.675 154.4
22219.335 151.1
22219.384 44.7
22230.440 283.7
22257.133 150.7
22292.817 101.5
22361.661 105.4
22385.359 283.8
22478.636 133.6
22495.635 177.2
22513.779 107.1
22553.403 72.8
22569.049 161.7
22583.003 108.6
22615.949 128.9
22636.488 91.3
22641.183 142.8
22657.309 49.1
22689.632 102.4
22715.691 80.5
22737.635 282.2
22788.135 157.2
22788.499 171.2
22858.183 133.5
22896.019 178.6
22905.129 180.2
22908.837 209.9
22933.959 156.4
22942.275 221.1
23011.004 155.9
23012.423 99.0
23052.994 107.4
23064.344 179.8
23077.668 197.0
23187.503 143.1
23192.141 234.6
23217.116 187.6
23258.077 106.1
23320.708 156.1
23334.613 174.2
23360.486 112.7
23368.743 245.0
23389.229 254.7
23419.491 187.7
23439.081 98.8
23449.440 130.9
23537.049 139.1
23564.164 75.4
23613.047 92.9
23661.261 240.4
23681.655 216.5
23707.432 131.2
23772.779 90.8
23800.274 135.7
23804.661 80.4
23827.598 105.2
23835.597 307.5
23842.399 161.2
23846.384 84.0
23885.087 319.3
23968.570 88.9
23999.525 136.5
24006.801 260.6
24048.134 36.2
24067.684 241.4
24073.436 123.9
24091.073 219.1
24091.788 211.7
24177.329 250.2
24185.168 244.1
24193.891 238.6
24214.141 121.4
24251.351 185.5
24271.051 89.9
24364.131 120.3
24418.068 42.9
24422.685 184.5
24432.552 147.5
24462.379 226.7
24535.896 162.9
24540.111 203.1
24572.860 182.6
24599.947 132.1
24618.650 230.1
24648.127 204.5
24648.444 156.3
24670.367 162.1
24753.669 155.2
24773.257 171.8
24773.267 130.9
24784.611 93.4
24792.552 122.8
24910.702 136.2
24914.134 159.1
24960.805 150.0
24984.161 32.1
24995.570 214.3
25037.689 207.8
25132.040 220.8
25171.187 322.3
25187.689 204.8
25190.224 119.6
25201.193 101.9
25216.548 185.4
25225.227 212.2
25256.461 111.5
25282.073 130.6
25303.384 137.7
25338.167 193.8
25365.705 291.3
25373.278 144.3
25379.482 244.7
25386.577 147.0
25407.729 195.1
25502.789 221.6
25610.865 185.8
25615.912 187.1
25617.587 165.7
25634.389 200.5
25639.304 227.4
25660.321 212.5
25705.670 243.0
25737.846 190.7
25789.853 163.0
25840.264 134.9
25854.620 201.8
25880.650 166.3
25898.179 203.8
25979.043 113.3
25979.948 128.9
25980.272 241.5
26002.573 230.1
26018.485 146.0
26116.482 203.5
26120.700 209.5
26127.805 207.3
26151.207 104.7
26161.377 176.0
26177.490 175.6
26222.737 169.7
26224.254 56.6
26240.588 194.5
26253.929 54.1
26285.180 131.8
26365.129 142.2
26390.426 78.2
26520.606 175.7
26539.662 152.6
26616.370 176.0
26627.478 159.5
26632.139 187.6
26648.264 193.8
26705.155 221.2
26767.685 143.3
26808.945 145.3
26808.980 114.8
26825.231 82.9
26975.470 107.3
26989.829 226.0
27001.294 143.4
27005.413 231.5
27026.282 180.8
27034.011 56.8
27046.070 221.6
27068.712 265.7
27085.510 114.1
27094.951 133.3
27125.266 74.9
27132.503 259.3
27158.699 189.6
27176.137 97.0
27209.153 177.2
27218.026 138.1
27287.728 124.1
27339.429 151.7
27359.106 97.7
27384.668 163.7
27418.753 219.4
27489.688 153.1
27527.690 143.3
27579.945 124.6
27639.201 48.2
27656.442 185.6
27689.531 233.0
27693.398 140.1
27711.457 169.2
27721.918 131.5
27795.369 74.0
27796.665 214.5
27800.833 151.1
27842.637 151.8
27863.977 202.8
27878.673 119.9
27880.931 114.5
27893.180 193.5
27933.801 134.8
28009.952 115.2
28031.129 249.6
28031.547 228.6
28055.168 171.0
28059.503 127.8
28091.975 155.4
28167.194 246.2
28201.549 224.8
28211.233 226.2
28217.607 204.3
28305.005 172.8
28326.963 210.1
28398.655 129.3
28411.904 286.6
28426.567 85.5
28486.520 170.1
28489.180 274.5
28501.522 224.5
28571.969 122.1
28580.812 195.3
28587.314 144.3
28643.730 76.5
28650.277 156.7
28661.473 167.9
28674.300 198.7
28748.222 100.5
28749.117 280.8
28842.865 117.2
28851.798 121.4
28852.189 192.7
28887.264 287.5
28890.041 169.9
28956.332 88.2
29008.407 173.8
29012.606 156.6
29026.221 129.1
29030.618 188.5
29040.699 87.1
29076.419 51.9
29165.297 144.0
29187.009 212.8
29200.290 238.1
29212.863 184.3
29317.199 180.0
29396.374 138.6
29428.085 199.8
29536.100 23.6
29564.413 118.1
29594.989 211.6
29644.894 107.1
29662.259 146.5
29673.734 215.1
29732.618 116.5
29734.593 104.4
29751.703 199.6
29783.363 72.6
29790.728 157.6
29795.399 88.3
29801.205 184.7
29825.237 151.7
29837.045 154.4
29964.589 61.7
29980.560 64.6
30084.324 101.5
30247.357 79.1
30395.995 162.4
